0 0
1 0
2 0
3 0
4 0
5 2
6 1
7 0
8 2
9 1
10 1
11 0
12 0
13 3
14 2
15 1
16 0
17 1
18 1
19 2
20 0
21 4
22 4
23 1
24 4
25 1
26 2
27 0
28 4
29 4
30 2
31 5
32 1
33 4
34 1
35 9
36 2
37 4
38 5
39 4
40 1
41 3
42 4
43 5
44 6
45 1
46 6
47 9
48 9
49 8
50 7
51 6
52 1
53 4
54 3
55 5
56 9
57 6
58 0
59 6
60 3
61 3
62 5
63 1
64 1
65 9
66 2
67 9
68 6
69 3
70 5
71 7
72 8
73 7
74 3
75 8
76 8
77 8
78 7
79 9
80 8
81 5
82 7
83 7
84 9
85 13
86 10
87 5
88 8
89 6
90 6
91 10
92 9
93 16
94 5
95 14
96 6
97 6
98 8
99 12
100 8
101 11
102 6
103 8
104 12
105 12
106 10
107 14
108 5
109 7
110 8
111 14
112 12
113 8
114 7
115 7
116 10
117 11
118 7
119 5
120 6
121 9
122 12
123 16
124 8
125 10
126 11
127 15
128 11
129 8
130 9
131 16
132 14
133 9
134 7
135 16
136 10
137 13
138 11
139 11
140 12
141 10
142 8
143 17
144 9
145 11
146 11
147 16
148 10
149 12
150 13
151 15
152 9
153 13
154 14
155 16
156 12
157 13
158 20
159 12
160 9
161 9
162 14
163 11
164 9
165 8
166 13
167 14
168 14
169 17
170 14
171 8
172 12
173 15
174 21
175 13
176 20
177 13
178 9
179 9
180 12
181 10
182 12
183 19
184 12
185 16
186 15
187 14
188 15
189 22
190 17
191 14
192 11
193 20
194 22
195 16
196 22
197 20
198 12
199 27
200 14
201 18
202 13
203 17
204 12
205 19
206 18
207 12
208 18
209 19
210 18
211 21
212 17
213 29
214 20
215 20
216 22
217 17
218 21
219 18
220 19
221 14
222 19
223 11
224 17
225 12
226 19
227 17
228 20
229 18
230 13
231 21
232 16
233 19
234 22
235 27
236 17
237 11
238 25
239 23
240 28
241 30
242 20
243 15
244 14
245 21
246 26
247 21
248 23
249 22
250 19
251 16
252 27
253 21
254 16
255 23
256 21
257 23
258 29
259 23
260 14
261 13
262 27
263 32
264 22
265 26
266 23
267 25
268 23
269 20
270 21
271 22
272 29
273 27
274 23
275 18
276 21
277 27
278 24
279 28
280 24
281 22
282 27
283 25
284 20
285 18
286 27
287 17
288 23
289 23
290 25
291 33
292 22
293 28
294 27
295 30
296 22
297 25
298 18
299 22
300 22
301 20
302 33
303 17
304 28
305 21
306 22
307 25
308 22
309 33
310 18
311 39
312 26
313 34
314 24
315 33
316 28
317 33
318 23
319 27
320 15
321 29
322 29
323 24
324 23
325 30
326 26
327 26
328 23
329 28
330 25
331 21
332 28
333 31
334 40
335 27
336 26
337 27
338 34
339 33
340 21
341 26
342 23
343 27
344 25
345 33
346 37
347 25
348 23
349 22
350 29
351 34
352 21
353 43
354 37
355 30
356 32
357 39
358 36
359 28
360 30
361 33
362 32
363 40
364 34
365 36
366 27
367 34
368 24
369 39
370 33
371 27
372 33
373 26
374 31
375 32
376 23
377 26
378 34
379 17
380 26
381 37
382 24
383 35
384 29
385 31
386 32
387 27
388 31
389 38
390 40
391 39
392 35
393 32
394 31
395 29
396 35
397 32
398 34
399 29
400 32
401 45
402 31
403 43
404 39
405 36
406 30
407 29
408 34
409 38
410 37
411 37
412 36
413 28
414 33
415 43
416 29
417 33
418 39
419 34
420 38
421 25
422 34
423 38
424 39
425 25
426 30
427 31
428 38
429 32
430 31
431 38
432 37
433 36
434 32
435 38
436 37
437 41
438 39
439 31
440 42
441 41
442 38
443 40
444 38
445 36
446 38
447 37
448 33
449 27
450 43
451 40
452 32
453 45
454 36
455 27
456 27
457 40
458 34
459 36
460 35
461 30
462 42
463 41
464 39
465 35
466 40
467 41
468 38
469 40
470 41
471 52
472 47
473 40
474 49
475 45
476 46
477 40
478 27
479 39
480 40
481 38
482 54
483 39
484 44
485 30
486 48
487 48
488 48
489 39
490 44
491 48
492 37
493 45
494 32
495 46
496 39
497 44
498 28
499 35
500 26
501 54
502 30
503 46
504 48
505 43
506 36
507 44
508 34
509 52
510 37
511 40
512 49
513 50
514 51
515 48
516 48
517 40
518 42
519 47
520 40
521 55
522 37
523 53
524 42
525 35
526 47
527 47
528 48
529 43
530 43
531 54
532 45
533 52
534 37
535 46
536 46
537 33
538 42
539 47
540 41
541 39
542 45
543 51
544 48
545 40
546 42
547 64
548 41
549 39
550 40
551 36
552 44
553 51
554 51
555 53
556 53
557 38
558 56
559 47
560 45
561 48
562 43
563 40
564 58
565 44
566 68
567 49
568 50
569 40
570 55
571 47
572 58
573 47
574 38
575 45
576 49
577 45
578 54
579 45
580 46
581 47
582 46
583 51
584 37
585 50
586 52
587 41
588 48
589 52
590 46
591 65
592 49
593 43
594 50
595 56
596 43
597 43
598 63
599 50
600 45
601 45
602 53
603 46
604 58
605 45
606 55
607 34
608 54
609 47
610 58
611 44
612 48
613 46
614 49
615 41
616 54
617 56
618 43
619 56
620 61
621 47
622 54
623 54
624 59
625 54
626 44
627 54
628 43
629 43
630 53
631 57
632 44
633 56
634 56
635 55
636 54
637 58
638 43
639 51
640 64
641 53
642 47
643 54
644 41
645 59
646 58
647 41
648 57
649 39
650 54
651 50
652 54
653 54
654 53
655 55
656 53
657 44
658 64
659 57
660 64
661 46
662 75
663 54
664 41
665 47
666 65
667 62
668 51
669 66
670 47
671 56
672 50
673 47
674 57
675 57
676 56
677 61
678 61
679 65
680 48
681 60
682 55
683 50
684 62
685 52
686 51
687 54
688 61
689 47
690 56
691 65
692 55
693 55
694 76
695 59
696 55
697 60
698 64
699 44
700 52
701 52
702 61
703 65
704 61
705 54
706 59
707 56
708 52
709 71
710 75
711 59
712 53
713 66
714 54
715 56
716 52
717 47
718 59
719 66
720 66
721 60
722 73
723 56
724 49
725 71
726 61
727 58
728 58
729 53
730 53
731 68
732 47
733 55
734 65
735 66
736 56
737 58
738 67
739 63
740 64
741 47
742 55
743 64
744 63
745 64
746 58
747 36
748 53
749 65
750 68
751 77
752 61
753 71
754 56
755 66
756 77
757 47
758 62
759 61
760 53
761 51
762 54
763 57
764 56
765 71
766 58
767 54
768 78
769 75
770 59
771 69
772 62
773 76
774 73
775 66
776 67
777 67
778 55
779 66
780 66
781 58
782 55
783 75
784 81
785 63
786 58
787 60
788 63
789 68
790 61
791 69
792 68
793 69
794 59
795 74
796 67
797 68
798 53
799 70
800 71
801 63
802 73
803 66
804 63
805 60
806 60
807 66
808 63
809 64
810 63
811 63
812 80
813 61
814 57
815 71
816 69
817 66
818 69
819 72
820 69
821 62
822 64
823 78
824 78
825 80
826 72
827 70
828 73
829 54
830 63
831 73
832 67
833 64
834 70
835 72
836 72
837 68
838 67
839 67
840 77
841 79
842 65
843 79
844 62
845 57
846 82
847 64
848 62
849 81
850 77
851 72
852 67
853 69
854 58
855 69
856 71
857 65
858 62
859 66
860 81
861 83
862 58
863 74
864 80
865 68
866 72
867 78
868 67
869 73
870 85
871 52
872 67
873 55
874 83
875 71
876 72
877 73
878 73
879 90
880 63
881 75
882 69
883 86
884 72
885 86
886 75
887 74
888 72
889 75
890 73
891 64
892 75
893 83
894 70
895 71
896 64
897 89
898 73
899 80
900 72
901 68
902 68
903 80
904 78
905 82
906 79
907 76
908 75
909 78
910 69
911 73
912 72
913 75
914 78
915 83
916 91
917 76
918 91
919 79
920 79
921 97
922 70
923 97
924 62
925 98
926 84
927 60
928 59
929 63
930 87
931 77
932 66
933 64
934 73
935 88
936 84
937 81
938 72
939 72
940 76
941 83
942 83
943 71
944 80
945 79
946 73
947 83
948 70
949 83
950 72
951 64
952 86
953 69
954 87
955 76
956 80
957 65
958 84
959 66
960 90
961 77
962 96
963 80
964 90
965 80
966 79
967 83
968 97
969 74
970 84
971 89
972 88
973 72
974 91
975 60
976 87
977 80
978 71
979 94
980 95
981 88
982 88
983 77
984 87
985 76
986 70
987 76
988 81
989 87
990 83
991 86
992 80
993 90
994 84
995 69
996 68
997 85
998 79
999 75
1000 78
1001 77
1002 93
1003 86
1004 86
1005 72
1006 81
1007 95
1008 73
1009 69
1010 87
1011 85
1012 91
1013 82
1014 95
1015 104
1016 81
1017 70
1018 71
1019 94
1020 88
1021 60
1022 70
1023 89
1024 96
1025 88
1026 87
1027 97
1028 93
1029 104
1030 76
1031 80
1032 73
1033 89
1034 54
1035 89
1036 90
1037 88
1038 72
1039 79
1040 87
1041 84
1042 85
1043 77
1044 80
1045 96
1046 94
1047 76
1048 72
1049 92
1050 95
1051 87
1052 79
1053 96
1054 91
1055 99
1056 89
1057 92
1058 97
1059 76
1060 112
1061 100
1062 85
1063 85
1064 109
1065 86
1066 91
1067 90
1068 96
1069 79
1070 95
1071 79
1072 110
1073 96
1074 99
1075 80
1076 91
1077 85
1078 80
1079 83
1080 104
1081 84
1082 101
1083 79
1084 94
1085 80
1086 74
1087 111
1088 97
1089 85
1090 76
1091 92
1092 73
1093 83
1094 92
1095 100
1096 118
1097 86
1098 88
1099 85
1100 100
1101 85
1102 96
1103 87
1104 84
1105 82
1106 80
1107 86
1108 89
1109 92
1110 100
1111 93
1112 78
1113 92
1114 89
1115 101
1116 74
1117 87
1118 92
1119 96
1120 81
1121 82
1122 96
1123 92
1124 93
1125 86
1126 91
1127 93
1128 85
1129 73
1130 94
1131 94
1132 77
1133 96
1134 80
1135 102
1136 92
1137 79
1138 86
1139 82
1140 88
1141 92
1142 102
1143 102
1144 98
1145 85
1146 98
1147 91
1148 116
1149 84
1150 108
1151 85
1152 80
1153 82
1154 90
1155 92
1156 118
1157 89
1158 89
1159 99
1160 95
1161 116
1162 83
1163 112
1164 94
1165 103
1166 102
1167 109
1168 97
1169 111
1170 95
1171 97
1172 90
1173 104
1174 87
1175 103
1176 104
1177 107
1178 99
1179 94
1180 97
1181 97
1182 103
1183 102
1184 98
1185 108
1186 91
1187 119
1188 98
1189 94
1190 94
1191 87
1192 108
1193 91
1194 89
1195 94
1196 82
1197 94
1198 102
1199 96
1200 103
1201 98
1202 80
1203 92
1204 92
1205 97
1206 102
1207 83
1208 89
1209 97
1210 116
1211 107
1212 89
1213 107
1214 100
1215 120
1216 109
1217 85
1218 101
1219 99
1220 101
1221 115
1222 110
1223 101
1224 108
1225 96
1226 121
1227 107
1228 106
1229 105
1230 106
1231 86
1232 104
1233 104
1234 94
1235 105
1236 103
1237 118
1238 102
1239 108
1240 100
1241 99
1242 105
1243 106
1244 112
1245 113
1246 97
1247 96
1248 86
1249 106
1250 98
1251 105
1252 94
1253 97
1254 99
1255 103
1256 116
1257 101
1258 108
1259 114
1260 97
1261 112
1262 93
1263 106
1264 112
1265 99
1266 99
1267 88
1268 93
1269 111
1270 109
1271 124
1272 117
1273 126
1274 108
1275 101
1276 106
1277 100
1278 108
1279 116
1280 108
1281 114
1282 98
1283 110
1284 78
1285 116
1286 103
1287 109
1288 99
1289 105
1290 101
1291 98
1292 112
1293 127
1294 96
1295 107
1296 93
1297 108
1298 119
1299 89
1300 105
1301 85
1302 106
1303 113
1304 110
1305 109
1306 132
1307 109
1308 107
1309 120
1310 105
1311 101
1312 98
1313 119
1314 119
1315 95
1316 109
1317 102
1318 120
1319 89
1320 96
1321 116
1322 119
1323 102
1324 109
1325 106
1326 116
1327 113
1328 120
1329 98
1330 107
1331 119
1332 109
1333 116
1334 102
1335 109
1336 101
1337 102
1338 104
1339 121
1340 110
1341 109
1342 103
1343 88
1344 107
1345 98
1346 116
1347 117
1348 97
1349 126
1350 106
1351 126
1352 96
1353 113
1354 113
1355 111
1356 135
1357 115
1358 103
1359 111
1360 111
1361 105
1362 122
1363 103
1364 119
1365 125
1366 92
1367 101
1368 111
1369 113
1370 91
1371 93
1372 99
1373 105
1374 130
1375 123
1376 110
1377 119
1378 123
1379 119
1380 119
1381 109
1382 130
1383 126
1384 105
1385 99
1386 127
1387 107
1388 131
1389 101
1390 108
1391 108
1392 125
1393 126
1394 116
1395 96
1396 111
1397 128
1398 109
1399 102
1400 125
1401 106
1402 138
1403 125
1404 107
1405 105
1406 122
1407 126
1408 112
1409 107
1410 124
1411 121
1412 126
1413 126
1414 111
1415 135
1416 112
1417 106
1418 149
1419 126
1420 123
1421 118
1422 116
1423 123
1424 116
1425 128
1426 138
1427 122
1428 113
1429 122
1430 118
1431 108
1432 127
1433 135
1434 112
1435 111
1436 111
1437 100
1438 118
1439 138
1440 113
1441 116
1442 125
1443 131
1444 132
1445 141
1446 129
1447 124
1448 127
1449 134
1450 120
1451 127
1452 127
1453 130
1454 125
1455 107
1456 126
1457 103
1458 122
1459 102
1460 137
1461 137
1462 127
1463 118
1464 123
1465 135
1466 136
1467 112
1468 129
1469 119
1470 111
1471 134
1472 115
1473 130
1474 109
1475 139
1476 104
1477 128
1478 121
1479 122
1480 103
1481 132
1482 123
1483 126
1484 133
1485 124
1486 122
1487 138
1488 107
1489 132
1490 134
1491 111
1492 138
1493 118
1494 127
1495 113
1496 146
1497 113
1498 132
1499 114
1500 128
1501 114
1502 119
1503 110
1504 131
1505 112
1506 111
1507 133
1508 112
1509 120
1510 114
1511 121
1512 127
1513 130
1514 132
1515 120
1516 134
1517 144
1518 134
1519 117
1520 109
1521 135
1522 113
1523 125
1524 123
1525 120
1526 144
1527 118
1528 120
1529 114
1530 103
1531 125
1532 98
1533 136
1534 130
1535 119
1536 124
1537 124
1538 129
1539 134
1540 124
1541 139
1542 133
1543 127
1544 103
1545 119
1546 133
1547 129
1548 149
1549 132
1550 134
1551 131
1552 110
1553 122
1554 136
1555 135
1556 134
1557 149
1558 120
1559 138
1560 119
1561 124
1562 136
1563 113
1564 127
1565 136
1566 132
1567 114
1568 126
1569 132
1570 137
1571 126
1572 127
1573 126
1574 131
1575 118
1576 157
1577 137
1578 122
1579 122
1580 123
1581 130
1582 131
1583 122
1584 138
1585 152
1586 122
1587 131
1588 118
1589 136
1590 123
1591 139
1592 120
1593 117
1594 116
1595 136
1596 118
1597 128
1598 144
1599 143
1600 140
1601 134
1602 136
1603 161
1604 138
1605 140
1606 120
1607 119
1608 139
1609 125
1610 149
1611 142
1612 133
1613 130
1614 121
1615 136
1616 139
1617 116
1618 165
1619 139
1620 119
1621 121
1622 147
1623 131
1624 140
1625 142
1626 147
1627 126
1628 136
1629 139
1630 138
1631 129
1632 128
1633 158
1634 142
1635 138
1636 134
1637 130
1638 154
1639 143
1640 120
1641 165
1642 144
1643 142
1644 114
1645 122
1646 162
1647 122
1648 152
1649 142
1650 132
1651 154
1652 137
1653 138
1654 126
1655 131
1656 137
1657 142
1658 145
1659 134
1660 150
1661 137
1662 136
1663 155
1664 143
1665 144
1666 127
1667 132
1668 143
1669 140
1670 127
1671 138
1672 128
1673 125
1674 129
1675 143
1676 116
1677 141
1678 144
1679 142
1680 124
1681 142
1682 150
1683 146
1684 133
1685 130
1686 133
1687 119
1688 142
1689 143
1690 125
1691 139
1692 150
1693 134
1694 148
1695 141
1696 149
1697 137
1698 142
1699 136
1700 134
1701 153
1702 144
1703 155
1704 156
1705 119
1706 154
1707 138
1708 136
1709 146
1710 123
1711 130
1712 129
1713 159
1714 141
1715 156
1716 126
1717 124
1718 149
1719 153
1720 150
1721 148
1722 141
1723 132
1724 144
1725 134
1726 155
1727 148
1728 154
1729 126
1730 138
1731 148
1732 134
1733 136
1734 140
1735 145
1736 162
1737 145
1738 144
1739 123
1740 148
1741 156
1742 131
1743 141
1744 134
1745 144
1746 152
1747 137
1748 141
1749 143
1750 137
1751 124
1752 161
1753 116
1754 146
1755 143
1756 138
1757 133
1758 157
1759 129
1760 155
1761 127
1762 117
1763 142
1764 152
1765 128
1766 132
1767 132
1768 138
1769 155
1770 132
1771 154
1772 149
1773 132
1774 151
1775 140
1776 145
1777 140
1778 132
1779 133
1780 141
1781 144
1782 135
1783 145
1784 139
1785 139
1786 150
1787 156
1788 147
1789 133
1790 147
1791 156
1792 157
1793 182
1794 138
1795 149
1796 157
1797 148
1798 123
1799 139
1800 141
1801 136
1802 151
1803 166
1804 124
1805 152
1806 135
1807 174
1808 154
1809 158
1810 137
1811 142
1812 170
1813 158
1814 156
1815 143
1816 139
1817 159
1818 145
1819 154
1820 151
1821 151
1822 169
1823 149
1824 143
1825 159
1826 147
1827 143
1828 134
1829 151
1830 153
1831 137
1832 144
1833 145
1834 142
1835 174
1836 166
1837 153
1838 149
1839 160
1840 137
1841 153
1842 144
1843 191
1844 153
1845 142
1846 154
1847 148
1848 148
1849 139
1850 155
1851 150
1852 134
1853 148
1854 157
1855 161
1856 152
1857 172
1858 171
1859 163
1860 150
1861 122
1862 136
1863 157
1864 166
1865 164
1866 155
1867 164
1868 153
1869 152
1870 143
1871 140
1872 156
1873 155
1874 157
1875 161
1876 156
1877 164
1878 167
1879 140
1880 162
1881 146
1882 141
1883 153
1884 173
1885 162
1886 153
1887 146
1888 158
1889 168
1890 143
1891 149
1892 154
1893 159
1894 149
1895 138
1896 180
1897 157
1898 146
1899 159
1900 158
1901 189
1902 146
1903 141
1904 153
1905 131
1906 150
1907 141
1908 153
1909 166
1910 143
1911 174
1912 158
1913 158
1914 154
1915 159
1916 164
1917 153
1918 149
1919 161
1920 154
1921 150
1922 165
1923 145
1924 163
1925 158
1926 175
1927 166
1928 153
1929 158
1930 132
1931 164
1932 166
1933 141
1934 139
1935 153
1936 188
1937 159
1938 157
1939 153
1940 150
1941 162
1942 153
1943 167
1944 150
1945 151
1946 174
1947 155
1948 162
1949 151
1950 160
1951 161
1952 151
1953 145
1954 155
1955 155
1956 177
1957 170
1958 139
1959 151
1960 158
1961 176
1962 173
1963 160
1964 162
1965 160
1966 170
1967 168
1968 163
1969 159
1970 155
1971 149
1972 139
1973 158
1974 155
1975 169
1976 167
1977 164
1978 165
1979 161
1980 163
1981 155
1982 147
1983 171
1984 169
1985 153
1986 162
1987 152
1988 161
1989 156
1990 162
1991 152
1992 183
1993 179
1994 146
1995 168
1996 160
1997 142
1998 196
1999 161
2000 162
2001 171
2002 166
2003 155
2004 172
2005 158
2006 169
2007 159
2008 158
2009 160
2010 173
2011 180
2012 163
2013 153
2014 160
2015 162
2016 167
2017 157
2018 146
2019 166
2020 165
2021 147
2022 171
2023 162
2024 174
2025 184
2026 176
2027 171
2028 147
2029 178
2030 184
2031 171
2032 163
2033 167
2034 159
2035 152
2036 150
2037 161
2038 155
2039 157
2040 151
2041 159
2042 162
2043 150
2044 174
2045 151
2046 185
2047 155
2048 156
2049 168
2050 168
2051 151
2052 183
2053 164
2054 173
2055 154
2056 177
2057 169
2058 167
2059 191
2060 178
2061 194
2062 173
2063 187
2064 149
2065 188
2066 176
2067 178
2068 148
2069 153
2070 153
2071 187
2072 148
2073 174
2074 160
2075 173
2076 182
2077 179
2078 168
2079 181
2080 183
2081 174
2082 155
2083 169
2084 176
2085 166
2086 175
2087 178
2088 169
2089 171
2090 176
2091 177
2092 161
2093 164
2094 170
2095 188
2096 163
2097 175
2098 166
2099 173
2100 179
2101 173
2102 177
2103 172
2104 182
2105 176
2106 132
2107 178
2108 162
2109 173
2110 158
2111 177
2112 183
2113 178
2114 158
2115 161
2116 167
2117 174
2118 191
2119 187
2120 163
2121 152
2122 171
2123 174
2124 188
2125 180
2126 166
2127 171
2128 180
2129 162
2130 184
2131 192
2132 170
2133 180
2134 193
2135 173
2136 183
2137 168
2138 211
2139 189
2140 183
2141 169
2142 189
2143 177
2144 172
2145 174
2146 179
2147 195
2148 158
2149 183
2150 163
2151 178
2152 178
2153 187
2154 198
2155 172
2156 211
2157 183
2158 186
2159 176
2160 164
2161 191
2162 181
2163 170
2164 184
2165 177
2166 174
2167 209
2168 151
2169 192
2170 173
2171 194
2172 171
2173 153
2174 172
2175 176
2176 208
2177 188
2178 197
2179 207
2180 149
2181 180
2182 194
2183 170
2184 177
2185 177
2186 189
2187 156
2188 173
2189 189
2190 187
2191 178
2192 162
2193 200
2194 179
2195 176
2196 181
2197 180
2198 166
2199 180
2200 168
2201 172
2202 174
2203 174
2204 192
2205 183
2206 158
2207 166
2208 173
2209 160
2210 180
2211 184
2212 182
2213 185
2214 175
2215 190
2216 163
2217 159
2218 174
2219 200
2220 174
2221 179
2222 192
2223 172
2224 206
2225 188
2226 179
2227 210
2228 187
2229 194
2230 178
2231 180
2232 202
2233 180
2234 200
2235 182
2236 171
2237 184
2238 186
2239 161
2240 177
2241 171
2242 178
2243 176
2244 197
2245 194
2246 195
2247 174
2248 187
2249 201
2250 201
2251 171
2252 220
2253 173
2254 192
2255 184
2256 195
2257 185
2258 181
2259 180
2260 193
2261 204
2262 213
2263 193
2264 173
2265 223
2266 183
2267 178
2268 184
2269 180
2270 186
2271 187
2272 179
2273 189
2274 191
2275 179
2276 201
2277 209
2278 184
2279 184
2280 177
2281 187
2282 205
2283 210
2284 212
2285 196
2286 174
2287 160
2288 186
2289 157
2290 180
2291 219
2292 200
2293 175
2294 200
2295 171
2296 203
2297 152
2298 174
2299 175
2300 179
2301 199
2302 160
2303 201
2304 226
2305 197
2306 195
2307 203
2308 170
2309 177
2310 179
2311 211
2312 171
2313 198
2314 228
2315 203
2316 182
2317 196
2318 177
2319 191
2320 167
2321 186
2322 186
2323 184
2324 188
2325 188
2326 184
2327 211
2328 195
2329 193
2330 171
2331 200
2332 195
2333 197
2334 177
2335 192
2336 188
2337 174
2338 189
2339 219
2340 201
2341 191
2342 206
2343 185
2344 176
2345 169
2346 180
2347 183
2348 201
2349 210
2350 206
2351 202
2352 182
2353 186
2354 180
2355 190
2356 193
2357 176
2358 215
2359 210
2360 186
2361 193
2362 182
2363 196
2364 180
2365 208
2366 188
2367 176
2368 227
2369 187
2370 191
2371 206
2372 209
2373 190
2374 214
2375 196
2376 215
2377 198
2378 191
2379 191
2380 201
2381 201
2382 202
2383 194
2384 189
2385 203
2386 179
2387 206
2388 212
2389 166
2390 159
2391 195
2392 208
2393 200
2394 191
2395 194
2396 189
2397 190
2398 196
2399 190
2400 213
2401 218
2402 199
2403 186
2404 203
2405 178
2406 211
2407 186
2408 169
2409 201
2410 204
2411 185
2412 195
2413 203
2414 223
2415 235
2416 192
2417 208
2418 177
2419 202
2420 181
2421 209
2422 213
2423 225
2424 191
2425 214
2426 204
2427 210
2428 201
2429 198
2430 189
2431 178
2432 203
2433 192
2434 212
2435 221
2436 207
2437 221
2438 189
2439 223
2440 205
2441 203
2442 195
2443 188
2444 217
2445 201
2446 225
2447 221
2448 205
2449 198
2450 201
2451 206
2452 191
2453 208
2454 190
2455 176
2456 175
2457 179
2458 194
2459 179
2460 218
2461 201
2462 233
2463 203
2464 202
2465 191
2466 200
2467 204
2468 226
2469 172
2470 196
2471 190
2472 178
2473 193
2474 202
2475 216
2476 203
2477 201
2478 184
2479 207
2480 182
2481 180
2482 204
2483 186
2484 198
2485 183
2486 184
2487 212
2488 226
2489 241
2490 209
2491 197
2492 205
2493 217
2494 187
2495 205
2496 214
2497 181
2498 207
2499 186
2500 189
2501 196
2502 220
2503 219
2504 175
2505 204
2506 216
2507 218
2508 181
2509 208
2510 237
2511 185
2512 195
2513 229
2514 209
2515 190
2516 213
2517 209
2518 214
2519 202
2520 208
2521 190
2522 219
2523 189
2524 175
2525 203
2526 193
2527 215
2528 205
2529 214
2530 192
2531 196
2532 197
2533 194
2534 199
2535 197
2536 207
2537 213
2538 210
2539 195
2540 226
2541 211
2542 195
2543 214
2544 196
2545 185
2546 237
2547 213
2548 192
2549 215
2550 210
2551 218
2552 233
2553 212
2554 202
2555 212
2556 211
2557 201
2558 219
2559 221
2560 239
2561 205
2562 244
2563 219
2564 208
2565 225
2566 212
2567 219
2568 204
2569 192
2570 200
2571 186
2572 236
2573 210
2574 221
2575 241
2576 190
2577 202
2578 184
2579 198
2580 232
2581 217
2582 207
2583 218
2584 234
2585 221
2586 208
2587 212
2588 193
2589 230
2590 200
2591 250
2592 229
2593 203
2594 229
2595 196
2596 222
2597 229
2598 202
2599 206
2600 202
2601 212
2602 215
2603 241
2604 197
2605 195
2606 197
2607 215
2608 212
2609 199
2610 203
2611 220
2612 217
2613 216
2614 190
2615 230
2616 226
2617 201
2618 225
2619 207
2620 218
2621 226
2622 205
2623 207
2624 207
2625 204
2626 212
2627 216
2628 210
2629 222
2630 204
2631 211
2632 223
2633 208
2634 206
2635 218
2636 242
2637 213
2638 226
2639 207
2640 254
2641 218
2642 217
2643 223
2644 202
2645 223
2646 192
2647 219
2648 220
2649 214
2650 214
2651 206
2652 208
2653 212
2654 216
2655 232
2656 204
2657 229
2658 215
2659 204
2660 221
2661 203
2662 223
2663 213
2664 226
2665 212
2666 208
2667 239
2668 193
2669 206
2670 212
2671 226
2672 246
2673 234
2674 223
2675 216
2676 197
2677 230
2678 252
2679 212
2680 210
2681 204
2682 225
2683 219
2684 187
2685 212
2686 200
2687 225
2688 221
2689 206
2690 213
2691 229
2692 223
2693 227
2694 199
2695 242
2696 204
2697 232
2698 207
2699 234
2700 217
2701 219
2702 224
2703 232
2704 208
2705 216
2706 204
2707 241
2708 233
2709 214
2710 224
2711 205
2712 203
2713 225
2714 244
2715 222
2716 218
2717 219
2718 218
2719 221
2720 222
2721 214
2722 213
2723 223
2724 228
2725 225
2726 226
2727 245
2728 211
2729 221
2730 205
2731 225
2732 226
2733 240
2734 224
2735 218
2736 228
2737 202
2738 230
2739 236
2740 237
2741 199
2742 218
2743 219
2744 201
2745 216
2746 241
2747 245
2748 206
2749 235
2750 228
2751 222
2752 233
2753 233
2754 223
2755 227
2756 244
2757 218
2758 225
2759 209
2760 241
2761 232
2762 233
2763 210
2764 233
2765 231
2766 265
2767 235
2768 238
2769 222
2770 217
2771 221
2772 222
2773 231
2774 250
2775 230
2776 246
2777 230
2778 217
2779 222
2780 222
2781 194
2782 256
2783 251
2784 231
2785 250
2786 224
2787 229
2788 209
2789 259
2790 233
2791 224
2792 231
2793 236
2794 223
2795 226
2796 247
2797 224
2798 227
2799 242
2800 244
2801 233
2802 232
2803 238
2804 244
2805 210
2806 221
2807 203
2808 265
2809 231
2810 227
2811 209
2812 201
2813 231
2814 216
2815 255
2816 240
2817 241
2818 238
2819 236
2820 223
2821 214
2822 245
2823 223
2824 250
2825 210
2826 214
2827 233
2828 212
2829 214
2830 221
2831 251
2832 225
2833 208
2834 231
2835 228
2836 223
2837 241
2838 215
2839 245
2840 224
2841 243
2842 253
2843 254
2844 226
2845 214
2846 210
2847 210
2848 253
2849 237
2850 256
2851 228
2852 230
2853 218
2854 231
2855 231
2856 231
2857 221
2858 230
2859 215
2860 231
2861 207
2862 241
2863 211
2864 217
2865 262
2866 225
2867 223
2868 213
2869 233
2870 233
2871 229
2872 231
2873 251
2874 229
2875 253
2876 235
2877 231
2878 229
2879 239
2880 242
2881 246
2882 208
2883 238
2884 234
2885 256
2886 231
2887 231
2888 225
2889 245
2890 221
2891 237
2892 220
2893 223
2894 245
2895 227
2896 248
2897 230
2898 233
2899 245
2900 247
2901 254
2902 242
2903 284
2904 259
2905 219
2906 237
2907 239
2908 215
2909 240
2910 223
2911 246
2912 243
2913 226
2914 225
2915 259
2916 242
2917 192
2918 240
2919 205
2920 221
2921 235
2922 247
2923 228
2924 235
2925 205
2926 242
2927 228
2928 260
2929 232
2930 232
2931 224
2932 218
2933 254
2934 250
2935 256
2936 233
2937 251
2938 268
2939 247
2940 236
2941 225
2942 244
2943 262
2944 211
2945 239
2946 237
2947 238
2948 225
2949 237
2950 256
2951 254
2952 244
2953 242
2954 245
2955 296
2956 255
2957 223
2958 251
2959 235
2960 236
2961 242
2962 234
2963 225
2964 255
2965 245
2966 270
2967 220
2968 263
2969 242
2970 249
2971 231
2972 235
2973 226
2974 228
2975 234
2976 254
2977 261
2978 232
2979 236
2980 268
2981 234
2982 246
2983 258
2984 248
2985 236
2986 258
2987 246
2988 269
2989 244
2990 255
2991 270
2992 267
2993 265
2994 248
2995 238
2996 245
2997 255
2998 247
2999 232
3000 249
3001 246
3002 239
3003 259
3004 240
3005 258
3006 223
3007 231
3008 244
3009 241
3010 261
3011 273
3012 248
3013 277
3014 246
3015 252
3016 256
3017 256
3018 254
3019 233
3020 244
3021 221
3022 255
3023 251
3024 250
3025 231
3026 253
3027 245
3028 251
3029 229
3030 235
3031 216
3032 248
3033 220
3034 260
3035 236
3036 252
3037 237
3038 213
3039 233
3040 248
3041 252
3042 261
3043 261
3044 203
3045 241
3046 252
3047 245
3048 266
3049 277
3050 260
3051 257
3052 260
3053 228
3054 260
3055 252
3056 254
3057 252
3058 244
3059 245
3060 251
3061 242
3062 260
3063 209
3064 231
3065 253
3066 234
3067 253
3068 250
3069 257
3070 252
3071 230
3072 233
3073 264
3074 251
3075 275
3076 256
3077 261
3078 244
3079 243
3080 272
3081 260
3082 247
3083 254
3084 244
3085 242
3086 226
3087 253
3088 262
3089 238
3090 240
3091 260
3092 257
3093 225
3094 275
3095 239
3096 230
3097 235
3098 266
3099 232
3100 269
3101 241
3102 232
3103 256
3104 251
3105 238
3106 237
3107 254
3108 231
3109 255
3110 249
3111 259
3112 246
3113 236
3114 219
3115 244
3116 241
3117 240
3118 280
3119 266
3120 263
3121 257
3122 236
3123 273
3124 269
3125 256
3126 251
3127 264
3128 219
3129 237
3130 266
3131 233
3132 254
3133 254
3134 244
3135 254
3136 290
3137 254
3138 229
3139 236
3140 265
3141 237
3142 249
3143 265
3144 259
3145 277
3146 262
3147 252
3148 227
3149 274
3150 250
3151 237
3152 276
3153 263
3154 266
3155 260
3156 250
3157 256
3158 249
3159 248
3160 273
3161 262
3162 240
3163 266
3164 264
3165 281
3166 255
3167 260
3168 248
3169 280
3170 245
3171 268
3172 258
3173 287
3174 248
3175 226
3176 240
3177 242
3178 271
3179 265
3180 255
3181 239
3182 292
3183 306
3184 255
3185 269
3186 276
3187 261
3188 264
3189 246
3190 268
3191 260
3192 281
3193 263
3194 274
3195 262
3196 276
3197 253
3198 264
3199 237
3200 257
3201 227
3202 272
3203 248
3204 298
3205 280
3206 281
3207 243
3208 274
3209 278
3210 260
3211 236
3212 256
3213 276
3214 241
3215 270
3216 232
3217 247
3218 259
3219 293
3220 239
3221 252
3222 278
3223 278
3224 278
3225 248
3226 289
3227 254
3228 281
3229 272
3230 281
3231 269
3232 277
3233 272
3234 260
3235 268
3236 282
3237 247
3238 260
3239 270
3240 277
3241 271
3242 250
3243 252
3244 251
3245 255
3246 261
3247 263
3248 273
3249 283
3250 278
3251 246
3252 261
3253 270
3254 264
3255 250
3256 298
3257 252
3258 277
3259 287
3260 287
3261 238
3262 270
3263 271
3264 260
3265 285
3266 249
3267 262
3268 252
3269 263
3270 255
3271 251
3272 241
3273 260
3274 287
3275 235
3276 281
3277 267
3278 235
3279 278
3280 272
3281 262
3282 280
3283 253
3284 268
3285 280
3286 258
3287 264
3288 256
3289 250
3290 283
3291 292
3292 250
3293 293
3294 253
3295 273
3296 255
3297 265
3298 273
3299 282
3300 260
3301 254
3302 251
3303 252
3304 298
3305 277
3306 283
3307 292
3308 288
3309 260
3310 258
3311 286
3312 292
3313 283
3314 289
3315 276
3316 278
3317 227
3318 270
3319 283
3320 264
3321 263
3322 249
3323 278
3324 281
3325 299
3326 292
3327 282
3328 285
3329 257
3330 277
3331 265
3332 274
3333 265
3334 265
3335 245
3336 284
3337 299
3338 266
3339 278
3340 254
3341 276
3342 274
3343 270
3344 285
3345 274
3346 287
3347 287
3348 297
3349 267
3350 314
3351 269
3352 258
3353 287
3354 283
3355 290
3356 289
3357 286
3358 283
3359 289
3360 280
3361 272
3362 249
3363 278
3364 259
3365 238
3366 268
3367 289
3368 265
3369 281
3370 273
3371 295
3372 277
3373 258
3374 261
3375 283
3376 278
3377 302
3378 271
3379 270
3380 255
3381 296
3382 288
3383 278
3384 299
3385 284
3386 275
3387 236
3388 268
3389 295
3390 260
3391 305
3392 270
3393 277
3394 237
3395 286
3396 255
3397 275
3398 287
3399 266
3400 264
3401 269
3402 266
3403 299
3404 246
3405 282
3406 280
3407 296
3408 292
3409 312
3410 259
3411 279
3412 263
3413 272
3414 259
3415 275
3416 294
3417 279
3418 291
3419 267
3420 294
3421 275
3422 313
3423 290
3424 300
3425 292
3426 292
3427 254
3428 274
3429 274
3430 299
3431 278
3432 286
3433 296
3434 279
3435 293
3436 268
3437 278
3438 284
3439 277
3440 320
3441 261
3442 266
3443 288
3444 254
3445 270
3446 280
3447 246
3448 311
3449 302
3450 276
3451 280
3452 277
3453 291
3454 313
3455 229
3456 271
3457 295
3458 271
3459 270
3460 261
3461 247
3462 292
3463 259
3464 277
3465 282
3466 274
3467 292
3468 284
3469 263
3470 273
3471 266
3472 310
3473 273
3474 260
3475 321
3476 277
3477 280
3478 285
3479 247
3480 273
3481 297
3482 302
3483 279
3484 274
3485 285
3486 268
3487 261
3488 263
3489 327
3490 289
3491 291
3492 265
3493 293
3494 301
3495 295
3496 286
3497 272
3498 295
3499 299
3500 321
3501 313
3502 273
3503 272
3504 301
3505 327
3506 280
3507 298
3508 259
3509 253
3510 262
3511 274
3512 269
3513 265
3514 302
3515 275
3516 256
3517 287
3518 285
3519 283
3520 285
3521 270
3522 263
3523 280
3524 293
3525 255
3526 297
3527 276
3528 297
3529 293
3530 290
3531 275
3532 275
3533 317
3534 315
3535 292
3536 255
3537 272
3538 271
3539 269
3540 284
3541 305
3542 275
3543 274
3544 301
3545 290
3546 283
3547 296
3548 288
3549 290
3550 269
3551 314
3552 280
3553 284
3554 320
3555 304
3556 288
3557 320
3558 270
3559 284
3560 309
3561 271
3562 288
3563 306
3564 296
3565 292
3566 291
3567 285
3568 280
3569 301
3570 315
3571 276
3572 280
3573 309
3574 291
3575 302
3576 289
3577 265
3578 293
3579 317
3580 297
3581 302
3582 295
3583 320
3584 304
3585 297
3586 294
3587 273
3588 259
3589 258
3590 299
3591 318
3592 299
3593 279
3594 287
3595 314
3596 292
3597 329
3598 309
3599 298
3600 278
3601 293
3602 273
3603 303
3604 289
3605 308
3606 311
3607 291
3608 287
3609 282
3610 283
3611 314
3612 271
3613 304
3614 272
3615 267
3616 277
3617 323
3618 286
3619 293
3620 314
3621 300
3622 292
3623 291
3624 290
3625 312
3626 299
3627 292
3628 307
3629 266
3630 295
3631 323
3632 277
3633 305
3634 308
3635 307
3636 292
3637 278
3638 314
3639 268
3640 270
3641 325
3642 270
3643 316
3644 288
3645 320
3646 328
3647 330
3648 309
3649 291
3650 311
3651 317
3652 298
3653 304
3654 313
3655 311
3656 312
3657 309
3658 308
3659 314
3660 307
3661 290
3662 302
3663 278
3664 329
3665 304
3666 266
3667 306
3668 310
3669 291
3670 290
3671 286
3672 273
3673 294
3674 308
3675 312
3676 308
3677 304
3678 287
3679 301
3680 276
3681 286
3682 299
3683 294
3684 283
3685 276
3686 341
3687 280
3688 296
3689 276
3690 317
3691 311
3692 313
3693 269
3694 318
3695 306
3696 293
3697 301
3698 333
3699 298
3700 288
3701 317
3702 283
3703 311
3704 293
3705 346
3706 296
3707 313
3708 308
3709 293
3710 302
3711 324
3712 278
3713 322
3714 295
3715 315
3716 262
3717 329
3718 325
3719 300
3720 304
3721 292
3722 278
3723 318
3724 293
3725 285
3726 301
3727 319
3728 298
3729 316
3730 280
3731 289
3732 278
3733 295
3734 338
3735 303
3736 294
3737 323
3738 320
3739 311
3740 293
3741 318
3742 275
3743 285
3744 316
3745 307
3746 286
3747 315
3748 333
3749 263
3750 323
3751 299
3752 272
3753 337
3754 276
3755 319
3756 302
3757 276
3758 334
3759 315
3760 275
3761 298
3762 298
3763 309
3764 340
3765 309
3766 326
3767 333
3768 318
3769 304
3770 340
3771 326
3772 340
3773 315
3774 292
3775 307
3776 316
3777 314
3778 298
3779 294
3780 330
3781 301
3782 290
3783 282
3784 323
3785 299
3786 300
3787 296
3788 323
3789 295
3790 298
3791 282
3792 296
3793 301
3794 300
3795 317
3796 322
3797 306
3798 291
3799 315
3800 305
3801 304
3802 321
3803 320
3804 285
3805 274
3806 313
3807 314
3808 294
3809 309
3810 304
3811 312
3812 319
3813 301
3814 296
3815 309
3816 276
3817 301
3818 323
3819 319
3820 316
3821 294
3822 329
3823 274
3824 312
3825 287
3826 335
3827 289
3828 285
3829 285
3830 314
3831 322
3832 333
3833 283
3834 272
3835 304
3836 299
3837 303
3838 303
3839 323
3840 331
3841 331
3842 321
3843 297
3844 317
3845 306
3846 303
3847 297
3848 325
3849 309
3850 310
3851 327
3852 290
3853 322
3854 312
3855 330
3856 292
3857 343
3858 316
3859 314
3860 315
3861 328
3862 305
3863 290
3864 316
3865 337
3866 345
3867 303
3868 304
3869 330
3870 298
3871 323
3872 334
3873 292
3874 333
3875 272
3876 294
3877 324
3878 332
3879 328
3880 326
3881 315
3882 303
3883 336
3884 333
3885 322
3886 318
3887 307
3888 284
3889 337
3890 320
3891 308
3892 279
3893 314
3894 303
3895 303
3896 316
3897 301
3898 317
3899 338
3900 311
3901 304
3902 317
3903 319
3904 336
3905 299
3906 333
3907 293
3908 342
3909 306
3910 327
3911 315
3912 338
3913 318
3914 340
3915 319
3916 321
3917 328
3918 320
3919 320
3920 336
3921 313
3922 276
3923 296
3924 320
3925 323
3926 316
3927 296
3928 332
3929 310
3930 328
3931 296
3932 357
3933 314
3934 305
3935 292
3936 326
3937 290
3938 321
3939 300
3940 329
3941 346
3942 313
3943 327
3944 327
3945 333
3946 324
3947 327
3948 315
3949 296
3950 275
3951 303
3952 311
3953 276
3954 312
3955 302
3956 338
3957 316
3958 303
3959 305
3960 325
3961 338
3962 349
3963 353
3964 326
3965 298
3966 352
3967 357
3968 326
3969 299
3970 312
3971 343
3972 326
3973 311
3974 331
3975 317
3976 322
3977 326
3978 324
3979 320
3980 308
3981 327
3982 337
3983 300
3984 307
3985 300
3986 323
3987 312
3988 315
3989 345
3990 295
3991 298
3992 313
3993 336
3994 314
3995 341
3996 319
3997 338
3998 301
3999 311
4000 282
4001 304
4002 335
4003 316
4004 330
4005 347
4006 354
4007 309
4008 312
4009 312
4010 350
4011 337
4012 337
4013 351
4014 334
4015 314
4016 328
4017 318
4018 305
4019 309
4020 332
4021 312
4022 328
4023 368
4024 350
4025 318
4026 373
4027 312
4028 306
4029 333
4030 347
4031 313
4032 336
4033 321
4034 345
4035 355
4036 332
4037 289
4038 309
4039 318
4040 345
4041 352
4042 349
4043 312
4044 311
4045 323
4046 347
4047 334
4048 318
4049 309
4050 301
4051 351
4052 303
4053 324
4054 354
4055 331
4056 309
4057 311
4058 325
4059 328
4060 329
4061 318
4062 308
4063 319
4064 314
4065 335
4066 322
4067 314
4068 323
4069 346
4070 367
4071 335
4072 355
4073 324
4074 324
4075 299
4076 338
4077 353
4078 327
4079 345
4080 321
4081 311
4082 338
4083 311
4084 316
4085 308
4086 307
4087 290
4088 305
4089 325
4090 330
4091 311
4092 324
4093 342
4094 320
4095 333
4096 301
4097 331
4098 303
4099 323
4100 303
4101 342
4102 346
4103 307
4104 313
4105 317
4106 327
4107 302
4108 343
4109 358
4110 313
4111 323
4112 273
4113 316
4114 305
4115 330
4116 345
4117 345
4118 361
4119 335
4120 327
4121 336
4122 377
4123 304
4124 309
4125 363
4126 368
4127 356
4128 375
4129 334
4130 347
4131 343
4132 333
4133 352
4134 324
4135 354
4136 336
4137 338
4138 345
4139 322
4140 338
4141 370
4142 361
4143 345
4144 335
4145 329
4146 389
4147 316
4148 313
4149 337
4150 354
4151 355
4152 330
4153 360
4154 325
4155 338
4156 329
4157 321
4158 358
4159 329
4160 327
4161 311
4162 337
4163 307
4164 339
4165 317
4166 333
4167 318
4168 327
4169 295
4170 349
4171 338
4172 297
4173 358
4174 316
4175 353
4176 363
4177 325
4178 342
4179 333
4180 340
4181 327
4182 333
4183 366
4184 359
4185 321
4186 320
4187 351
4188 304
4189 340
4190 365
4191 348
4192 371
4193 322
4194 348
4195 342
4196 344
4197 333
4198 338
4199 330
4200 360
4201 353
4202 320
4203 319
4204 343
4205 360
4206 316
4207 325
4208 356
4209 337
4210 316
4211 326
4212 346
4213 361
4214 338
4215 305
4216 346
4217 355
4218 342
4219 319
4220 336
4221 337
4222 339
4223 314
4224 374
4225 352
4226 336
4227 311
4228 323
4229 385
4230 320
4231 361
4232 331
4233 338
4234 347
4235 382
4236 336
4237 341
4238 338
4239 341
4240 328
4241 352
4242 369
4243 365
4244 373
4245 361
4246 371
4247 348
4248 314
4249 348
4250 376
4251 343
4252 343
4253 377
4254 342
4255 361
4256 358
4257 337
4258 331
4259 381
4260 315
4261 351
4262 396
4263 353
4264 351
4265 324
4266 362
4267 364
4268 347
4269 325
4270 323
4271 355
4272 307
4273 335
4274 338
4275 352
4276 352
4277 354
4278 366
4279 363
4280 341
4281 362
4282 354
4283 361
4284 344
4285 366
4286 386
4287 325
4288 345
4289 317
4290 343
4291 317
4292 370
4293 370
4294 362
4295 340
4296 360
4297 341
4298 342
4299 384
4300 357
4301 347
4302 362
4303 371
4304 357
4305 344
4306 337
4307 374
4308 359
4309 332
4310 350
4311 329
4312 343
4313 364
4314 359
4315 382
4316 349
4317 360
4318 346
4319 358
4320 337
4321 372
4322 367
4323 334
4324 305
4325 359
4326 344
4327 359
4328 368
4329 368
4330 352
4331 344
4332 335
4333 348
4334 358
4335 362
4336 309
4337 347
4338 358
4339 365
4340 371
4341 333
4342 320
4343 320
4344 360
4345 345
4346 351
4347 346
4348 357
4349 334
4350 329
4351 356
4352 359
4353 345
4354 359
4355 382
4356 374
4357 344
4358 344
4359 361
4360 363
4361 329
4362 320
4363 348
4364 349
4365 348
4366 343
4367 355
4368 333
4369 377
4370 340
4371 362
4372 354
4373 360
4374 356
4375 369
4376 337
4377 371
4378 347
4379 348
4380 351
4381 350
4382 396
4383 341
4384 352
4385 359
4386 350
4387 352
4388 315
4389 342
4390 366
4391 322
4392 357
4393 336
4394 372
4395 342
4396 340
4397 384
4398 360
4399 328
4400 362
4401 338
4402 376
4403 364
4404 355
4405 357
4406 350
4407 374
4408 354
4409 349
4410 358
4411 363
4412 377
4413 385
4414 380
4415 372
4416 348
4417 314
4418 364
4419 377
4420 386
4421 363
4422 366
4423 349
4424 354
4425 359
4426 373
4427 348
4428 359
4429 346
4430 369
4431 355
4432 391
4433 385
4434 382
4435 358
4436 360
4437 378
4438 359
4439 328
4440 389
4441 320
4442 343
4443 373
4444 369
4445 361
4446 371
4447 359
4448 367
4449 366
4450 338
4451 353
4452 357
4453 367
4454 368
4455 373
4456 350
4457 369
4458 341
4459 371
4460 359
4461 387
4462 367
4463 371
4464 373
4465 384
4466 357
4467 373
4468 376
4469 368
4470 387
4471 346
4472 345
4473 348
4474 349
4475 378
4476 360
4477 383
4478 362
4479 383
4480 330
4481 385
4482 347
4483 351
4484 370
4485 352
4486 383
4487 355
4488 344
4489 351
4490 358
4491 401
4492 359
4493 385
4494 331
4495 371
4496 385
4497 330
4498 393
4499 388
4500 326
4501 338
4502 326
4503 353
4504 351
4505 366
4506 355
4507 340
4508 376
4509 374
4510 376
4511 367
4512 356
4513 354
4514 362
4515 333
4516 339
4517 378
4518 379
4519 382
4520 380
4521 348
4522 379
4523 329
4524 372
4525 384
4526 338
4527 357
4528 362
4529 373
4530 369
4531 327
4532 366
4533 384
4534 380
4535 342
4536 364
4537 376
4538 379
4539 348
4540 371
4541 347
4542 337
4543 350
4544 346
4545 385
4546 387
4547 366
4548 357
4549 360
4550 364
4551 376
4552 368
4553 373
4554 345
4555 367
4556 391
4557 367
4558 372
4559 377
4560 327
4561 343
4562 358
4563 365
4564 325
4565 355
4566 403
4567 358
4568 373
4569 431
4570 351
4571 390
4572 372
4573 374
4574 382
4575 360
4576 374
4577 371
4578 383
4579 381
4580 387
4581 376
4582 367
4583 370
4584 373
4585 372
4586 367
4587 375
4588 385
4589 365
4590 354
4591 372
4592 366
4593 397
4594 367
4595 348
4596 377
4597 393
4598 344
4599 378
4600 379
4601 390
4602 385
4603 367
4604 359
4605 365
4606 360
4607 348
4608 342
4609 405
4610 363
4611 402
4612 386
4613 382
4614 335
4615 399
4616 354
4617 395
4618 402
4619 346
4620 386
4621 369
4622 397
4623 386
4624 373
4625 339
4626 404
4627 348
4628 402
4629 379
4630 375
4631 380
4632 350
4633 413
4634 351
4635 362
4636 367
4637 370
4638 405
4639 374
4640 378
4641 381
4642 368
4643 362
4644 392
4645 373
4646 403
4647 385
4648 358
4649 351
4650 420
4651 374
4652 381
4653 392
4654 372
4655 359
4656 360
4657 397
4658 411
4659 371
4660 379
4661 341
4662 354
4663 396
4664 386
4665 406
4666 352
4667 354
4668 383
4669 396
4670 364
4671 344
4672 354
4673 359
4674 364
4675 375
4676 369
4677 362
4678 375
4679 356
4680 363
4681 339
4682 372
4683 371
4684 377
4685 384
4686 373
4687 363
4688 370
4689 421
4690 369
4691 393
4692 375
4693 352
4694 361
4695 360
4696 368
4697 365
4698 349
4699 394
4700 378
4701 389
4702 391
4703 341
4704 371
4705 379
4706 399
4707 403
4708 374
4709 378
4710 380
4711 386
4712 377
4713 353
4714 384
4715 387
4716 344
4717 360
4718 389
4719 356
4720 399
4721 384
4722 372
4723 368
4724 385
4725 403
4726 389
4727 412
4728 383
4729 408
4730 396
4731 373
4732 396
4733 401
4734 335
4735 410
4736 402
4737 369
4738 435
4739 380
4740 386
4741 391
4742 363
4743 368
4744 429
4745 383
4746 384
4747 409
4748 378
4749 375
4750 366
4751 363
4752 357
4753 367
4754 388
4755 384
4756 358
4757 393
4758 399
4759 397
4760 386
4761 411
4762 402
4763 414
4764 368
4765 364
4766 344
4767 402
4768 361
4769 375
4770 396
4771 387
4772 377
4773 394
4774 390
4775 387
4776 357
4777 399
4778 402
4779 404
4780 381
4781 401
4782 388
4783 374
4784 375
4785 382
4786 383
4787 393
4788 392
4789 384
4790 387
4791 387
4792 394
4793 414
4794 381
4795 390
4796 353
4797 396
4798 414
4799 418
4800 389
4801 368
4802 400
4803 417
4804 392
4805 378
4806 416
4807 391
4808 387
4809 409
4810 424
4811 387
4812 407
4813 395
4814 386
4815 393
4816 418
4817 382
4818 420
4819 385
4820 354
4821 369
4822 374
4823 388
4824 414
4825 377
4826 364
4827 417
4828 382
4829 394
4830 387
4831 429
4832 375
4833 378
4834 399
4835 379
4836 401
4837 409
4838 375
4839 396
4840 388
4841 364
4842 396
4843 403
4844 409
4845 388
4846 385
4847 419
4848 409
4849 358
4850 386
4851 406
4852 397
4853 374
4854 394
4855 422
4856 387
4857 403
4858 399
4859 396
4860 364
4861 374
4862 388
4863 416
4864 406
4865 415
4866 403
4867 381
4868 362
4869 369
4870 373
4871 408
4872 421
4873 362
4874 372
4875 395
4876 393
4877 407
4878 395
4879 380
4880 390
4881 412
4882 432
4883 416
4884 402
4885 414
4886 403
4887 445
4888 382
4889 371
4890 391
4891 368
4892 386
4893 394
4894 394
4895 379
4896 356
4897 400
4898 382
4899 379
4900 374
4901 389
4902 429
4903 420
4904 435
4905 389
4906 399
4907 413
4908 363
4909 403
4910 407
4911 353
4912 385
4913 372
4914 365
4915 430
4916 369
4917 381
4918 359
4919 442
4920 429
4921 397
4922 395
4923 452
4924 402
4925 417
4926 408
4927 413
4928 387
4929 382
4930 413
4931 424
4932 399
4933 385
4934 378
4935 403
4936 381
4937 417
4938 421
4939 422
4940 436
4941 364
4942 410
4943 389
4944 395
4945 406
4946 414
4947 423
4948 415
4949 445
4950 413
4951 418
4952 399
4953 384
4954 393
4955 388
4956 374
4957 420
4958 376
4959 448
4960 378
4961 393
4962 394
4963 377
4964 405
4965 394
4966 425
4967 393
4968 397
4969 365
4970 401
4971 375
4972 388
4973 424
4974 419
4975 401
4976 400
4977 414
4978 402
4979 429
4980 408
4981 391
4982 406
4983 438
4984 371
4985 387
4986 411
4987 395
4988 410
4989 424
4990 420
4991 372
4992 409
4993 396
4994 389
4995 392
4996 391
4997 428
4998 413
4999 391
5000 404
5001 401
5002 396
5003 406
5004 404
5005 419
5006 409
5007 456
5008 397
5009 412
5010 420
5011 427
5012 395
5013 432
5014 417
5015 428
5016 408
5017 411
5018 438
5019 386
5020 413
5021 412
5022 396
5023 406
5024 395
5025 385
5026 389
5027 411
5028 376
5029 388
5030 433
5031 406
5032 382
5033 414
5034 387
5035 399
5036 434
5037 386
5038 412
5039 377
5040 416
5041 404
5042 420
5043 388
5044 422
5045 411
5046 412
5047 438
5048 424
5049 382
5050 437
5051 401
5052 379
5053 422
5054 426
5055 375
5056 404
5057 422
5058 466
5059 372
5060 410
5061 429
5062 421
5063 396
5064 408
5065 435
5066 381
5067 432
5068 411
5069 446
5070 450
5071 392
5072 391
5073 458
5074 410
5075 396
5076 402
5077 421
5078 424
5079 412
5080 420
5081 406
5082 425
5083 397
5084 415
5085 455
5086 410
5087 415
5088 380
5089 404
5090 420
5091 396
5092 412
5093 407
5094 414
5095 411
5096 391
5097 394
5098 443
5099 402
5100 423
5101 446
5102 425
5103 410
5104 411
5105 421
5106 426
5107 438
5108 430
5109 404
5110 463
5111 413
5112 406
5113 405
5114 442
5115 403
5116 469
5117 463
5118 416
5119 381
5120 438
5121 425
5122 411
5123 398
5124 414
5125 439
5126 411
5127 419
5128 437
5129 427
5130 403
5131 433
5132 442
5133 396
5134 375
5135 425
5136 395
5137 431
5138 423
5139 420
5140 407
5141 441
5142 428
5143 398
5144 406
5145 411
5146 421
5147 422
5148 405
5149 381
5150 414
5151 397
5152 386
5153 389
5154 402
5155 402
5156 411
5157 406
5158 386
5159 408
5160 445
5161 441
5162 412
5163 404
5164 393
5165 413
5166 399
5167 404
5168 432
5169 415
5170 445
5171 414
5172 419
5173 412
5174 429
5175 395
5176 420
5177 441
5178 412
5179 409
5180 416
5181 416
5182 371
5183 454
5184 442
5185 425
5186 441
5187 415
5188 458
5189 408
5190 419
5191 403
5192 409
5193 439
5194 403
5195 393
5196 406
5197 414
5198 452
5199 411
5200 399
5201 442
5202 389
5203 445
5204 414
5205 448
5206 410
5207 412
5208 411
5209 400
5210 421
5211 414
5212 397
5213 470
5214 435
5215 434
5216 394
5217 404
5218 424
5219 457
5220 432
5221 433
5222 421
5223 452
5224 424
5225 410
5226 426
5227 419
5228 401
5229 424
5230 394
5231 421
5232 426
5233 384
5234 437
5235 421
5236 432
5237 398
5238 418
5239 400
5240 414
5241 456
5242 459
5243 427
5244 422
5245 447
5246 434
5247 402
5248 430
5249 416
5250 427
5251 382
5252 443
5253 400
5254 405
5255 413
5256 384
5257 406
5258 440
5259 415
5260 428
5261 433
5262 368
5263 418
5264 435
5265 428
5266 430
5267 408
5268 419
5269 408
5270 419
5271 441
5272 417
5273 437
5274 425
5275 408
5276 429
5277 422
5278 408
5279 433
5280 399
5281 408
5282 377
5283 409
5284 423
5285 431
5286 425
5287 442
5288 416
5289 401
5290 421
5291 441
5292 427
5293 414
5294 449
5295 444
5296 426
5297 436
5298 414
5299 443
5300 422
5301 427
5302 422
5303 410
5304 469
5305 469
5306 453
5307 424
5308 426
5309 437
5310 419
5311 402
5312 454
5313 417
5314 461
5315 425
5316 417
5317 408
5318 415
5319 423
5320 420
5321 436
5322 453
5323 431
5324 434
5325 395
5326 411
5327 398
5328 441
5329 454
5330 458
5331 423
5332 413
5333 417
5334 425
5335 468
5336 428
5337 403
5338 424
5339 452
5340 412
5341 453
5342 433
5343 444
5344 429
5345 418
5346 425
5347 435
5348 432
5349 410
5350 419
5351 438
5352 463
5353 431
5354 451
5355 442
5356 440
5357 410
5358 397
5359 442
5360 433
5361 415
5362 431
5363 453
5364 445
5365 416
5366 426
5367 442
5368 394
5369 473
5370 417
5371 483
5372 438
5373 439
5374 465
5375 458
5376 474
5377 411
5378 432
5379 439
5380 456
5381 442
5382 446
5383 435
5384 449
5385 457
5386 438
5387 462
5388 432
5389 421
5390 477
5391 428
5392 434
5393 447
5394 440
5395 481
5396 406
5397 450
5398 427
5399 448
5400 443
5401 450
5402 454
5403 444
5404 457
5405 446
5406 472
5407 444
5408 428
5409 450
5410 419
5411 451
5412 419
5413 447
5414 426
5415 501
5416 415
5417 429
5418 429
5419 467
5420 431
5421 434
5422 442
5423 447
5424 443
5425 423
5426 418
5427 429
5428 427
5429 428
5430 435
5431 448
5432 443
5433 447
5434 433
5435 425
5436 405
5437 417
5438 455
5439 438
5440 454
5441 434
5442 402
5443 416
5444 411
5445 416
5446 427
5447 445
5448 406
5449 439
5450 432
5451 424
5452 433
5453 435
5454 456
5455 452
5456 426
5457 403
5458 449
5459 416
5460 408
5461 459
5462 413
5463 457
5464 471
5465 463
5466 418
5467 476
5468 424
5469 465
5470 457
5471 459
5472 468
5473 432
5474 460
5475 452
5476 436
5477 433
5478 453
5479 449
5480 460
5481 416
5482 426
5483 443
5484 434
5485 448
5486 442
5487 412
5488 412
5489 443
5490 452
5491 453
5492 391
5493 410
5494 411
5495 443
5496 425
5497 446
5498 465
5499 458
5500 472
5501 461
5502 447
5503 424
5504 444
5505 438
5506 419
5507 422
5508 457
5509 431
5510 412
5511 433
5512 456
5513 385
5514 414
5515 453
5516 446
5517 453
5518 453
5519 413
5520 451
5521 441
5522 416
5523 447
5524 421
5525 455
5526 450
5527 446
5528 454
5529 459
5530 450
5531 439
5532 417
5533 450
5534 453
5535 465
5536 412
5537 407
5538 456
5539 448
5540 433
5541 477
5542 469
5543 431
5544 426
5545 439
5546 438
5547 448
5548 472
5549 455
5550 474
5551 420
5552 457
5553 452
5554 486
5555 448
5556 420
5557 461
5558 443
5559 456
5560 456
5561 446
5562 460
5563 474
5564 444
5565 471
5566 464
5567 417
5568 457
5569 486
5570 444
5571 475
5572 463
5573 440
5574 449
5575 464
5576 460
5577 441
5578 481
5579 433
5580 479
5581 456
5582 436
5583 409
5584 461
5585 450
5586 433
5587 439
5588 474
5589 471
5590 442
5591 462
5592 406
5593 454
5594 440
5595 444
5596 502
5597 467
5598 467
5599 448
5600 442
5601 439
5602 486
5603 465
5604 415
5605 454
5606 460
5607 434
5608 448
5609 421
5610 416
5611 440
5612 410
5613 454
5614 472
5615 490
5616 429
5617 436
5618 454
5619 427
5620 498
5621 486
5622 428
5623 481
5624 462
5625 459
5626 456
5627 443
5628 413
5629 408
5630 452
5631 460
5632 440
5633 490
5634 464
5635 441
5636 456
5637 436
5638 446
5639 447
5640 455
5641 471
5642 474
5643 451
5644 459
5645 456
5646 472
5647 427
5648 483
5649 437
5650 446
5651 441
5652 451
5653 445
5654 433
5655 442
5656 479
5657 438
5658 457
5659 486
5660 458
5661 458
5662 478
5663 453
5664 461
5665 403
5666 441
5667 453
5668 439
5669 472
5670 501
5671 462
5672 475
5673 437
5674 451
5675 457
5676 460
5677 434
5678 474
5679 480
5680 454
5681 450
5682 461
5683 468
5684 453
5685 476
5686 484
5687 424
5688 468
5689 462
5690 397
5691 466
5692 464
5693 484
5694 475
5695 430
5696 436
5697 463
5698 484
5699 453
5700 477
5701 474
5702 452
5703 488
5704 480
5705 471
5706 428
5707 464
5708 456
5709 472
5710 440
5711 464
5712 447
5713 431
5714 441
5715 443
5716 443
5717 475
5718 442
5719 471
5720 436
5721 430
5722 451
5723 458
5724 487
5725 417
5726 439
5727 441
5728 471
5729 448
5730 477
5731 469
5732 446
5733 468
5734 469
5735 444
5736 480
5737 444
5738 461
5739 465
5740 462
5741 461
5742 474
5743 471
5744 442
5745 441
5746 455
5747 449
5748 481
5749 460
5750 447
5751 467
5752 470
5753 484
5754 484
5755 464
5756 453
5757 474
5758 465
5759 470
5760 485
5761 472
5762 465
5763 472
5764 465
5765 458
5766 460
5767 458
5768 441
5769 447
5770 474
5771 457
5772 496
5773 467
5774 464
5775 477
5776 496
5777 505
5778 447
5779 413
5780 459
5781 452
5782 483
5783 494
5784 470
5785 475
5786 484
5787 472
5788 501
5789 468
5790 492
5791 471
5792 456
5793 483
5794 462
5795 455
5796 472
5797 478
5798 477
5799 393
5800 473
5801 446
5802 474
5803 491
5804 483
5805 484
5806 483
5807 469
5808 478
5809 459
5810 484
5811 436
5812 492
5813 471
5814 448
5815 462
5816 506
5817 472
5818 473
5819 416
5820 435
5821 482
5822 479
5823 464
5824 514
5825 448
5826 472
5827 480
5828 457
5829 492
5830 463
5831 468
5832 468
5833 466
5834 503
5835 486
5836 477
5837 489
5838 496
5839 498
5840 503
5841 442
5842 490
5843 489
5844 473
5845 477
5846 488
5847 506
5848 480
5849 465
5850 477
5851 473
5852 447
5853 492
5854 485
5855 477
5856 457
5857 463
5858 464
5859 442
5860 434
5861 441
5862 495
5863 506
5864 461
5865 507
5866 460
5867 468
5868 490
5869 474
5870 486
5871 463
5872 466
5873 468
5874 447
5875 449
5876 485
5877 472
5878 487
5879 435
5880 434
5881 472
5882 476
5883 464
5884 496
5885 512
5886 468
5887 533
5888 476
5889 498
5890 428
5891 478
5892 447
5893 462
5894 471
5895 486
5896 493
5897 493
5898 491
5899 462
5900 477
5901 467
5902 474
5903 465
5904 484
5905 470
5906 513
5907 492
5908 483
5909 465
5910 499
5911 479
5912 456
5913 447
5914 491
5915 462
5916 447
5917 486
5918 502
5919 484
5920 467
5921 445
5922 467
5923 469
5924 469
5925 482
5926 464
5927 460
5928 457
5929 465
5930 464
5931 503
5932 476
5933 489
5934 486
5935 473
5936 479
5937 519
5938 471
5939 459
5940 487
5941 460
5942 444
5943 503
5944 483
5945 502
5946 504
5947 467
5948 451
5949 456
5950 523
5951 499
5952 484
5953 463
5954 479
5955 448
5956 478
5957 494
5958 466
5959 488
5960 474
5961 473
5962 463
5963 476
5964 461
5965 494
5966 520
5967 524
5968 438
5969 512
5970 462
5971 461
5972 513
5973 457
5974 468
5975 500
5976 485
5977 486
5978 507
5979 460
5980 480
5981 488
5982 481
5983 429
5984 514
5985 472
5986 490
5987 461
5988 475
5989 463
5990 496
5991 495
5992 507
5993 492
5994 477
5995 428
5996 502
5997 452
5998 481
5999 476
6000 499
6001 467
6002 467
6003 464
6004 456
6005 491
6006 470
6007 500
6008 461
6009 518
6010 446
6011 508
6012 479
6013 463
6014 455
6015 501
6016 480
6017 473
6018 449
6019 478
6020 498
6021 485
6022 489
6023 489
6024 501
6025 447
6026 485
6027 473
6028 449
6029 461
6030 452
6031 471
6032 490
6033 524
6034 517
6035 507
6036 485
6037 518
6038 454
6039 475
6040 481
6041 522
6042 450
6043 474
6044 457
6045 465
6046 488
6047 446
6048 480
6049 480
6050 453
6051 469
6052 452
6053 479
6054 477
6055 507
6056 516
6057 469
6058 482
6059 483
6060 510
6061 458
6062 475
6063 480
6064 457
6065 453
6066 521
6067 502
6068 466
6069 487
6070 492
6071 434
6072 481
6073 489
6074 453
6075 510
6076 473
6077 513
6078 508
6079 486
6080 485
6081 484
6082 493
6083 474
6084 492
6085 496
6086 500
6087 499
6088 486
6089 442
6090 469
6091 488
6092 472
6093 469
6094 514
6095 497
6096 475
6097 494
6098 470
6099 495
6100 449
6101 470
6102 479
6103 504
6104 497
6105 535
6106 482
6107 469
6108 496
6109 487
6110 513
6111 501
6112 494
6113 484
6114 493
6115 514
6116 498
6117 506
6118 499
6119 487
6120 517
6121 515
6122 443
6123 496
6124 509
6125 467
6126 465
6127 502
6128 490
6129 475
6130 441
6131 509
6132 492
6133 485
6134 475
6135 483
6136 543
6137 503
6138 529
6139 503
6140 479
6141 505
6142 478
6143 503
6144 519
6145 489
6146 495
6147 496
6148 491
6149 472
6150 460
6151 488
6152 499
6153 481
6154 508
6155 512
6156 488
6157 486
6158 496
6159 504
6160 497
6161 514
6162 515
6163 480
6164 469
6165 506
6166 489
6167 481
6168 518
6169 492
6170 532
6171 481
6172 529
6173 476
6174 511
6175 515
6176 508
6177 487
6178 508
6179 488
6180 513
6181 477
6182 512
6183 510
6184 505
6185 518
6186 490
6187 475
6188 483
6189 488
6190 504
6191 517
6192 509
6193 504
6194 517
6195 492
6196 475
6197 517
6198 471
6199 503
6200 495
6201 509
6202 485
6203 507
6204 497
6205 446
6206 524
6207 433
6208 500
6209 471
6210 497
6211 492
6212 478
6213 538
6214 519
6215 500
6216 484
6217 515
6218 494
6219 499
6220 464
6221 491
6222 514
6223 494
6224 489
6225 494
6226 482
6227 460
6228 478
6229 514
6230 510
6231 480
6232 502
6233 469
6234 536
6235 462
6236 490
6237 535
6238 527
6239 519
6240 486
6241 502
6242 465
6243 479
6244 507
6245 489
6246 519
6247 514
6248 526
6249 518
6250 549
6251 501
6252 494
6253 497
6254 532
6255 476
6256 493
6257 516
6258 498
6259 504
6260 527
6261 505
6262 462
6263 485
6264 498
6265 499
6266 513
6267 489
6268 552
6269 508
6270 492
6271 507
6272 455
6273 486
6274 511
6275 485
6276 492
6277 491
6278 508
6279 471
6280 499
6281 530
6282 530
6283 493
6284 502
6285 545
6286 483
6287 543
6288 571
6289 495
6290 488
6291 469
6292 536
6293 534
6294 491
6295 494
6296 501
6297 464
6298 494
6299 528
6300 524
6301 504
6302 500
6303 492
6304 486
6305 515
6306 512
6307 524
6308 541
6309 517
6310 496
6311 452
6312 518
6313 519
6314 505
6315 501
6316 515
6317 523
6318 511
6319 503
6320 493
6321 501
6322 500
6323 493
6324 525
6325 507
6326 513
6327 506
6328 522
6329 522
6330 469
6331 538
6332 518
6333 503
6334 505
6335 482
6336 502
6337 511
6338 565
6339 526
6340 504
6341 489
6342 484
6343 520
6344 545
6345 544
6346 489
6347 506
6348 498
6349 492
6350 508
6351 512
6352 525
6353 487
6354 521
6355 476
6356 533
6357 504
6358 504
6359 484
6360 499
6361 513
6362 465
6363 497
6364 536
6365 553
6366 452
6367 499
6368 504
6369 504
6370 494
6371 498
6372 535
6373 526
6374 495
6375 521
6376 486
6377 537
6378 518
6379 482
6380 508
6381 500
6382 511
6383 476
6384 505
6385 480
6386 522
6387 516
6388 515
6389 504
6390 517
6391 525
6392 502
6393 509
6394 491
6395 509
6396 499
6397 496
6398 507
6399 462
6400 526
6401 518
6402 530
6403 474
6404 536
6405 500
6406 493
6407 460
6408 525
6409 487
6410 538
6411 550
6412 513
6413 537
6414 492
6415 525
6416 496
6417 541
6418 536
6419 474
6420 496
6421 533
6422 518
6423 502
6424 518
6425 503
6426 520
6427 522
6428 513
6429 522
6430 534
6431 502
6432 509
6433 502
6434 495
6435 529
6436 524
6437 516
6438 514
6439 513
6440 500
6441 518
6442 507
6443 502
6444 524
6445 529
6446 553
6447 497
6448 528
6449 493
6450 528
6451 550
6452 488
6453 511
6454 537
6455 523
6456 516
6457 529
6458 517
6459 509
6460 529
6461 514
6462 534
6463 558
6464 502
6465 471
6466 503
6467 558
6468 502
6469 510
6470 514
6471 530
6472 515
6473 493
6474 511
6475 510
6476 521
6477 535
6478 497
6479 511
6480 495
6481 533
6482 532
6483 512
6484 537
6485 535
6486 541
6487 485
6488 493
6489 495
6490 507
6491 493
6492 504
6493 484
6494 510
6495 551
6496 512
6497 541
6498 515
6499 513
6500 529
6501 518
6502 526
6503 525
6504 506
6505 499
6506 526
6507 534
6508 554
6509 537
6510 526
6511 550
6512 504
6513 519
6514 557
6515 493
6516 484
6517 518
6518 505
6519 518
6520 497
6521 497
6522 571
6523 511
6524 507
6525 580
6526 506
6527 523
6528 475
6529 498
6530 530
6531 548
6532 508
6533 560
6534 489
6535 511
6536 516
6537 560
6538 524
6539 515
6540 495
6541 517
6542 521
6543 517
6544 479
6545 521
6546 525
6547 513
6548 521
6549 547
6550 512
6551 516
6552 445
6553 516
6554 505
6555 485
6556 548
6557 542
6558 526
6559 493
6560 544
6561 510
6562 480
6563 537
6564 505
6565 537
6566 508
6567 526
6568 536
6569 542
6570 535
6571 518
6572 523
6573 510
6574 549
6575 539
6576 559
6577 541
6578 549
6579 542
6580 539
6581 552
6582 530
6583 544
6584 555
6585 530
6586 529
6587 547
6588 492
6589 528
6590 570
6591 544
6592 491
6593 535
6594 518
6595 482
6596 518
6597 508
6598 504
6599 511
6600 548
6601 547
6602 567
6603 539
6604 541
6605 541
6606 556
6607 554
6608 539
6609 542
6610 526
6611 535
6612 531
6613 568
6614 540
6615 530
6616 511
6617 478
6618 534
6619 502
6620 546
6621 519
6622 516
6623 553
6624 556
6625 518
6626 536
6627 534
6628 552
6629 494
6630 522
6631 509
6632 548
6633 523
6634 482
6635 563
6636 543
6637 509
6638 540
6639 541
6640 577
6641 550
6642 519
6643 527
6644 517
6645 554
6646 514
6647 524
6648 485
6649 511
6650 519
6651 548
6652 541
6653 510
6654 520
6655 530
6656 516
6657 539
6658 545
6659 536
6660 573
6661 564
6662 535
6663 552
6664 535
6665 573
6666 546
6667 521
6668 556
6669 521
6670 535
6671 496
6672 562
6673 531
6674 532
6675 525
6676 519
6677 555
6678 543
6679 533
6680 493
6681 539
6682 549
6683 539
6684 558
6685 498
6686 508
6687 521
6688 535
6689 516
6690 546
6691 566
6692 553
6693 543
6694 533
6695 528
6696 512
6697 572
6698 522
6699 532
6700 486
6701 528
6702 565
6703 541
6704 525
6705 530
6706 542
6707 560
6708 547
6709 529
6710 590
6711 553
6712 564
6713 552
6714 503
6715 533
6716 555
6717 546
6718 541
6719 548
6720 529
6721 520
6722 541
6723 535
6724 545
6725 536
6726 511
6727 527
6728 529
6729 548
6730 530
6731 558
6732 506
6733 517
6734 516
6735 574
6736 539
6737 542
6738 522
6739 536
6740 523
6741 562
6742 557
6743 540
6744 539
6745 541
6746 526
6747 543
6748 537
6749 543
6750 538
6751 530
6752 553
6753 538
6754 542
6755 542
6756 539
6757 523
6758 532
6759 574
6760 578
6761 517
6762 517
6763 575
6764 552
6765 539
6766 514
6767 550
6768 550
6769 534
6770 551
6771 518
6772 535
6773 561
6774 527
6775 515
6776 493
6777 554
6778 554
6779 521
6780 511
6781 596
6782 566
6783 528
6784 498
6785 558
6786 577
6787 557
6788 539
6789 527
6790 536
6791 520
6792 579
6793 518
6794 521
6795 563
6796 533
6797 546
6798 529
6799 593
6800 591
6801 533
6802 509
6803 550
6804 544
6805 570
6806 540
6807 494
6808 505
6809 516
6810 527
6811 538
6812 555
6813 552
6814 534
6815 541
6816 537
6817 534
6818 540
6819 578
6820 565
6821 523
6822 544
6823 541
6824 549
6825 522
6826 497
6827 564
6828 549
6829 565
6830 555
6831 550
6832 519
6833 557
6834 532
6835 539
6836 527
6837 552
6838 531
6839 533
6840 547
6841 576
6842 508
6843 583
6844 546
6845 564
6846 539
6847 532
6848 545
6849 535
6850 523
6851 579
6852 526
6853 514
6854 552
6855 544
6856 546
6857 574
6858 491
6859 504
6860 569
6861 545
6862 529
6863 507
6864 542
6865 548
6866 555
6867 564
6868 564
6869 523
6870 542
6871 571
6872 501
6873 550
6874 551
6875 539
6876 516
6877 546
6878 514
6879 551
6880 524
6881 557
6882 559
6883 535
6884 588
6885 530
6886 541
6887 536
6888 535
6889 573
6890 590
6891 534
6892 516
6893 565
6894 581
6895 563
6896 514
6897 554
6898 543
6899 597
6900 543
6901 568
6902 587
6903 523
6904 532
6905 543
6906 534
6907 541
6908 563
6909 564
6910 569
6911 577
6912 580
6913 571
6914 569
6915 584
6916 546
6917 588
6918 530
6919 590
6920 536
6921 541
6922 578
6923 563
6924 523
6925 556
6926 544
6927 556
6928 547
6929 553
6930 537
6931 516
6932 559
6933 552
6934 557
6935 518
6936 572
6937 527
6938 539
6939 541
6940 537
6941 574
6942 555
6943 578
6944 519
6945 571
6946 560
6947 536
6948 553
6949 615
6950 596
6951 524
6952 594
6953 548
6954 556
6955 550
6956 553
6957 544
6958 579
6959 559
6960 509
6961 517
6962 559
6963 543
6964 549
6965 533
6966 540
6967 533
6968 544
6969 544
6970 552
6971 554
6972 542
6973 599
6974 592
6975 563
6976 577
6977 553
6978 566
6979 528
6980 557
6981 535
6982 500
6983 542
6984 606
6985 543
6986 543
6987 541
6988 576
6989 581
6990 606
6991 561
6992 537
6993 579
6994 593
6995 554
6996 546
6997 575
6998 596
6999 542
7000 573
7001 557
7002 550
7003 532
7004 561
7005 537
7006 556
7007 568
7008 545
7009 556
7010 537
7011 559
7012 563
7013 572
7014 549
7015 566
7016 534
7017 550
7018 590
7019 552
7020 562
7021 537
7022 601
7023 560
7024 576
7025 531
7026 557
7027 582
7028 558
7029 591
7030 569
7031 569
7032 530
7033 548
7034 556
7035 510
7036 577
7037 530
7038 553
7039 603
7040 596
7041 543
7042 526
7043 554
7044 548
7045 591
7046 575
7047 560
7048 521
7049 524
7050 580
7051 576
7052 593
7053 553
7054 546
7055 524
7056 565
7057 540
7058 558
7059 530
7060 565
7061 568
7062 552
7063 561
7064 584
7065 571
7066 546
7067 545
7068 584
7069 554
7070 574
7071 560
7072 573
7073 621
7074 558
7075 548
7076 569
7077 560
7078 595
7079 587
7080 526
7081 590
7082 579
7083 532
7084 586
7085 576
7086 580
7087 602
7088 570
7089 568
7090 560
7091 550
7092 596
7093 545
7094 518
7095 576
7096 556
7097 593
7098 540
7099 559
7100 570
7101 559
7102 545
7103 580
7104 571
7105 520
7106 586
7107 632
7108 545
7109 562
7110 549
7111 585
7112 612
7113 546
7114 577
7115 587
7116 568
7117 571
7118 544
7119 575
7120 575
7121 583
7122 585
7123 590
7124 545
7125 540
7126 571
7127 588
7128 543
7129 568
7130 574
7131 588
7132 565
7133 584
7134 539
7135 582
7136 564
7137 541
7138 587
7139 556
7140 574
7141 571
7142 570
7143 584
7144 557
7145 596
7146 567
7147 571
7148 578
7149 564
7150 608
7151 595
7152 562
7153 568
7154 562
7155 573
7156 524
7157 594
7158 555
7159 557
7160 583
7161 587
7162 571
7163 576
7164 566
7165 548
7166 560
7167 539
7168 624
7169 585
7170 568
7171 610
7172 631
7173 531
7174 595
7175 544
7176 605
7177 576
7178 572
7179 553
7180 597
7181 560
7182 571
7183 568
7184 557
7185 597
7186 571
7187 560
7188 541
7189 627
7190 587
7191 616
7192 616
7193 580
7194 581
7195 563
7196 560
7197 581
7198 555
7199 560
7200 561
7201 592
7202 564
7203 540
7204 569
7205 588
7206 539
7207 583
7208 594
7209 589
7210 567
7211 579
7212 555
7213 606
7214 592
7215 579
7216 592
7217 615
7218 590
7219 532
7220 569
7221 614
7222 553
7223 578
7224 572
7225 577
7226 579
7227 554
7228 561
7229 570
7230 579
7231 620
7232 573
7233 600
7234 605
7235 550
7236 562
7237 604
7238 596
7239 562
7240 609
7241 584
7242 485
7243 555
7244 551
7245 604
7246 551
7247 604
7248 610
7249 595
7250 548
7251 598
7252 590
7253 593
7254 560
7255 551
7256 589
7257 559
7258 560
7259 600
7260 599
7261 583
7262 614
7263 561
7264 552
7265 593
7266 575
7267 554
7268 614
7269 565
7270 551
7271 608
7272 624
7273 542
7274 607
7275 587
7276 612
7277 554
7278 586
7279 560
7280 570
7281 509
7282 584
7283 618
7284 607
7285 584
7286 621
7287 560
7288 572
7289 538
7290 617
7291 538
7292 575
7293 568
7294 549
7295 582
7296 558
7297 608
7298 573
7299 594
7300 559
7301 560
7302 555
7303 591
7304 633
7305 557
7306 605
7307 568
7308 563
7309 609
7310 580
7311 592
7312 580
7313 561
7314 561
7315 567
7316 559
7317 592
7318 558
7319 546
7320 615
7321 597
7322 580
7323 604
7324 556
7325 610
7326 613
7327 561
7328 609
7329 550
7330 570
7331 598
7332 560
7333 559
7334 641
7335 559
7336 579
7337 552
7338 574
7339 593
7340 577
7341 592
7342 594
7343 562
7344 569
7345 554
7346 635
7347 580
7348 579
7349 591
7350 600
7351 579
7352 619
7353 564
7354 562
7355 581
7356 555
7357 566
7358 601
7359 571
7360 553
7361 564
7362 582
7363 588
7364 634
7365 603
7366 604
7367 581
7368 551
7369 580
7370 555
7371 584
7372 566
7373 606
7374 581
7375 588
7376 540
7377 602
7378 609
7379 601
7380 594
7381 591
7382 579
7383 620
7384 608
7385 622
7386 548
7387 578
7388 616
7389 565
7390 609
7391 641
7392 581
7393 588
7394 590
7395 591
7396 584
7397 609
7398 606
7399 562
7400 586
7401 576
7402 591
7403 648
7404 585
7405 597
7406 580
7407 602
7408 608
7409 578
7410 626
7411 630
7412 602
7413 582
7414 593
7415 603
7416 580
7417 617
7418 622
7419 570
7420 628
7421 609
7422 571
7423 565
7424 563
7425 567
7426 572
7427 586
7428 566
7429 595
7430 577
7431 588
7432 579
7433 593
7434 610
7435 596
7436 571
7437 587
7438 598
7439 573
7440 630
7441 616
7442 570
7443 550
7444 612
7445 566
7446 551
7447 616
7448 592
7449 591
7450 606
7451 603
7452 561
7453 606
7454 608
7455 614
7456 586
7457 637
7458 612
7459 545
7460 610
7461 592
7462 576
7463 595
7464 532
7465 590
7466 620
7467 604
7468 557
7469 597
7470 608
7471 608
7472 606
7473 568
7474 608
7475 570
7476 574
7477 589
7478 584
7479 611
7480 609
7481 602
7482 604
7483 573
7484 617
7485 622
7486 596
7487 640
7488 611
7489 606
7490 598
7491 625
7492 577
7493 595
7494 572
7495 618
7496 598
7497 619
7498 608
7499 593
7500 585
7501 585
7502 607
7503 619
7504 600
7505 566
7506 615
7507 584
7508 611
7509 612
7510 585
7511 586
7512 597
7513 583
7514 582
7515 617
7516 614
7517 633
7518 571
7519 606
7520 648
7521 605
7522 595
7523 614
7524 581
7525 585
7526 625
7527 620
7528 583
7529 559
7530 616
7531 587
7532 630
7533 608
7534 579
7535 631
7536 585
7537 563
7538 621
7539 558
7540 591
7541 592
7542 573
7543 618
7544 600
7545 592
7546 612
7547 599
7548 591
7549 598
7550 603
7551 616
7552 575
7553 628
7554 594
7555 595
7556 652
7557 637
7558 564
7559 586
7560 625
7561 636
7562 567
7563 589
7564 638
7565 596
7566 599
7567 598
7568 569
7569 612
7570 591
7571 609
7572 594
7573 567
7574 596
7575 564
7576 622
7577 595
7578 628
7579 610
7580 623
7581 577
7582 606
7583 585
7584 575
7585 594
7586 589
7587 631
7588 611
7589 567
7590 630
7591 617
7592 580
7593 602
7594 598
7595 624
7596 608
7597 595
7598 583
7599 619
7600 605
7601 595
7602 590
7603 579
7604 585
7605 602
7606 596
7607 631
7608 614
7609 593
7610 588
7611 600
7612 580
7613 655
7614 631
7615 586
7616 631
7617 561
7618 652
7619 601
7620 600
7621 575
7622 631
7623 614
7624 614
7625 607
7626 592
7627 575
7628 568
7629 573
7630 599
7631 625
7632 608
7633 589
7634 624
7635 614
7636 581
7637 579
7638 599
7639 585
7640 615
7641 593
7642 586
7643 641
7644 627
7645 579
7646 597
7647 608
7648 633
7649 603
7650 577
7651 607
7652 629
7653 589
7654 618
7655 622
7656 624
7657 596
7658 557
7659 603
7660 599
7661 597
7662 639
7663 602
7664 604
7665 631
7666 597
7667 605
7668 626
7669 566
7670 602
7671 583
7672 586
7673 608
7674 613
7675 585
7676 597
7677 621
7678 581
7679 604
7680 632
7681 629
7682 602
7683 634
7684 645
7685 619
7686 579
7687 614
7688 583
7689 581
7690 616
7691 597
7692 604
7693 630
7694 625
7695 596
7696 590
7697 597
7698 591
7699 648
7700 625
7701 606
7702 594
7703 592
7704 625
7705 577
7706 589
7707 617
7708 606
7709 570
7710 609
7711 641
7712 625
7713 599
7714 594
7715 649
7716 626
7717 590
7718 582
7719 601
7720 620
7721 610
7722 636
7723 653
7724 605
7725 615
7726 596
7727 606
7728 622
7729 619
7730 645
7731 588
7732 632
7733 625
7734 607
7735 644
7736 641
7737 547
7738 620
7739 584
7740 615
7741 619
7742 622
7743 651
7744 626
7745 620
7746 609
7747 619
7748 630
7749 621
7750 613
7751 636
7752 626
7753 607
7754 576
7755 615
7756 635
7757 633
7758 651
7759 639
7760 583
7761 572
7762 599
7763 600
7764 641
7765 593
7766 582
7767 604
7768 621
7769 594
7770 653
7771 618
7772 643
7773 573
7774 621
7775 606
7776 607
7777 620
7778 616
7779 569
7780 597
7781 602
7782 577
7783 615
7784 606
7785 623
7786 603
7787 630
7788 580
7789 615
7790 559
7791 614
7792 666
7793 637
7794 565
7795 605
7796 603
7797 656
7798 608
7799 634
7800 620
7801 605
7802 609
7803 664
7804 589
7805 665
7806 598
7807 616
7808 627
7809 618
7810 579
7811 645
7812 655
7813 638
7814 603
7815 632
7816 649
7817 623
7818 651
7819 640
7820 587
7821 629
7822 611
7823 639
7824 594
7825 616
7826 623
7827 618
7828 622
7829 606
7830 657
7831 594
7832 620
7833 678
7834 590
7835 619
7836 619
7837 584
7838 593
7839 606
7840 613
7841 614
7842 643
7843 632
7844 630
7845 661
7846 597
7847 634
7848 610
7849 612
7850 607
7851 604
7852 632
7853 595
7854 617
7855 613
7856 654
7857 618
7858 615
7859 599
7860 609
7861 592
7862 644
7863 632
7864 612
7865 660
7866 594
7867 639
7868 606
7869 602
7870 593
7871 653
7872 618
7873 622
7874 591
7875 635
7876 580
7877 613
7878 604
7879 638
7880 621
7881 622
7882 630
7883 672
7884 680
7885 631
7886 635
7887 641
7888 649
7889 638
7890 597
7891 573
7892 673
7893 638
7894 628
7895 652
7896 659
7897 610
7898 629
7899 640
7900 634
7901 618
7902 590
7903 604
7904 618
7905 621
7906 616
7907 628
7908 620
7909 618
7910 660
7911 638
7912 622
7913 588
7914 601
7915 615
7916 607
7917 622
7918 624
7919 627
7920 653
7921 621
7922 624
7923 640
7924 634
7925 646
7926 638
7927 652
7928 634
7929 665
7930 616
7931 661
7932 630
7933 638
7934 669
7935 614
7936 597
7937 615
7938 642
7939 600
7940 610
7941 620
7942 692
7943 628
7944 605
7945 647
7946 643
7947 613
7948 625
7949 627
7950 621
7951 619
7952 642
7953 659
7954 662
7955 633
7956 612
7957 570
7958 619
7959 634
7960 649
7961 638
7962 673
7963 614
7964 655
7965 623
7966 651
7967 664
7968 634
7969 636
7970 680
7971 634
7972 616
7973 631
7974 607
7975 625
7976 648
7977 673
7978 635
7979 607
7980 651
7981 648
7982 606
7983 665
7984 600
7985 670
7986 618
7987 633
7988 633
7989 611
7990 601
7991 648
7992 646
7993 622
7994 637
7995 636
7996 629
7997 610
7998 620
7999 618
8000 619
8001 631
8002 664
8003 639
8004 591
8005 620
8006 618
8007 656
8008 685
8009 650
8010 642
8011 607
8012 595
8013 623
8014 601
8015 621
8016 661
8017 629
8018 648
8019 651
8020 672
8021 630
8022 651
8023 646
8024 638
8025 612
8026 607
8027 648
8028 663
8029 598
8030 662
8031 577
8032 647
8033 616
8034 635
8035 629
8036 638
8037 645
8038 646
8039 612
8040 646
8041 641
8042 645
8043 646
8044 660
8045 647
8046 690
8047 601
8048 650
8049 632
8050 628
8051 650
8052 619
8053 631
8054 603
8055 655
8056 630
8057 619
8058 631
8059 642
8060 640
8061 624
8062 650
8063 645
8064 657
8065 631
8066 698
8067 640
8068 665
8069 646
8070 617
8071 675
8072 636
8073 614
8074 649
8075 628
8076 660
8077 626
8078 655
8079 645
8080 623
8081 586
8082 657
8083 647
8084 682
8085 680
8086 636
8087 635
8088 644
8089 641
8090 669
8091 629
8092 677
8093 631
8094 651
8095 640
8096 673
8097 642
8098 708
8099 668
8100 684
8101 698
8102 612
8103 660
8104 651
8105 636
8106 652
8107 612
8108 598
8109 607
8110 677
8111 609
8112 663
8113 644
8114 636
8115 589
8116 668
8117 622
8118 669
8119 646
8120 620
8121 666
8122 642
8123 630
8124 621
8125 645
8126 675
8127 645
8128 630
8129 660
8130 668
8131 686
8132 658
8133 657
8134 648
8135 590
8136 630
8137 623
8138 662
8139 652
8140 649
8141 662
8142 671
8143 631
8144 624
8145 658
8146 671
8147 668
8148 655
8149 620
8150 628
8151 645
8152 653
8153 638
8154 669
8155 637
8156 632
8157 653
8158 665
8159 670
8160 675
8161 622
8162 650
8163 621
8164 608
8165 657
8166 649
8167 613
8168 608
8169 656
8170 668
8171 634
8172 670
8173 614
8174 685
8175 655
8176 653
8177 601
8178 630
8179 616
8180 672
8181 654
8182 652
8183 612
8184 630
8185 670
8186 631
8187 689
8188 614
8189 633
8190 660
8191 652
8192 661
8193 695
8194 694
8195 627
8196 678
8197 652
8198 684
8199 655
8200 660
8201 666
8202 632
8203 653
8204 666
8205 650
8206 613
8207 632
8208 649
8209 655
8210 629
8211 633
8212 644
8213 654
8214 672
8215 665
8216 660
8217 649
8218 687
8219 639
8220 673
8221 650
8222 655
8223 668
8224 651
8225 660
8226 679
8227 669
8228 654
8229 646
8230 663
8231 605
8232 634
8233 660
8234 622
8235 629
8236 648
8237 725
8238 638
8239 655
8240 650
8241 663
8242 687
8243 658
8244 701
8245 613
8246 681
8247 679
8248 696
8249 653
8250 666
8251 645
8252 656
8253 626
8254 632
8255 634
8256 630
8257 615
8258 659
8259 675
8260 632
8261 686
8262 651
8263 665
8264 679
8265 655
8266 644
8267 691
8268 594
8269 612
8270 676
8271 666
8272 689
8273 656
8274 681
8275 676
8276 680
8277 651
8278 684
8279 676
8280 643
8281 674
8282 628
8283 643
8284 648
8285 627
8286 651
8287 681
8288 638
8289 640
8290 650
8291 647
8292 656
8293 653
8294 657
8295 636
8296 622
8297 646
8298 650
8299 691
8300 702
8301 625
8302 680
8303 691
8304 656
8305 657
8306 641
8307 659
8308 634
8309 707
8310 689
8311 657
8312 686
8313 668
8314 662
8315 666
8316 704
8317 664
8318 684
8319 702
8320 682
8321 638
8322 650
8323 674
8324 634
8325 642
8326 601
8327 692
8328 648
8329 663
8330 639
8331 671
8332 668
8333 687
8334 657
8335 673
8336 624
8337 645
8338 672
8339 668
8340 615
8341 658
8342 665
8343 635
8344 658
8345 655
8346 603
8347 665
8348 670
8349 660
8350 702
8351 654
8352 653
8353 680
8354 695
8355 709
8356 636
8357 697
8358 669
8359 660
8360 628
8361 681
8362 688
8363 672
8364 646
8365 685
8366 651
8367 691
8368 652
8369 711
8370 643
8371 672
8372 663
8373 669
8374 675
8375 648
8376 636
8377 654
8378 678
8379 641
8380 672
8381 647
8382 660
8383 673
8384 678
8385 699
8386 629
8387 602
8388 640
8389 704
8390 640
8391 694
8392 688
8393 653
8394 696
8395 714
8396 635
8397 685
8398 685
8399 762
8400 655
8401 635
8402 633
8403 682
8404 679
8405 635
8406 708
8407 696
8408 662
8409 653
8410 669
8411 684
8412 667
8413 688
8414 685
8415 640
8416 680
8417 628
8418 676
8419 672
8420 700
8421 609
8422 689
8423 657
8424 646
8425 630
8426 698
8427 659
8428 660
8429 666
8430 654
8431 634
8432 651
8433 681
8434 679
8435 665
8436 649
8437 695
8438 641
8439 660
8440 650
8441 648
8442 639
8443 668
8444 628
8445 672
8446 658
8447 687
8448 665
8449 664
8450 697
8451 682
8452 674
8453 671
8454 662
8455 646
8456 730
8457 651
8458 659
8459 675
8460 649
8461 643
8462 636
8463 650
8464 659
8465 670
8466 696
8467 714
8468 646
8469 666
8470 654
8471 696
8472 698
8473 694
8474 664
8475 648
8476 659
8477 690
8478 661
8479 681
8480 706
8481 698
8482 667
8483 667
8484 707
8485 658
8486 620
8487 671
8488 705
8489 702
8490 663
8491 681
8492 674
8493 671
8494 679
8495 629
8496 663
8497 690
8498 701
8499 753
8500 651
8501 648
8502 675
8503 670
8504 703
8505 682
8506 685
8507 650
8508 636
8509 653
8510 704
8511 667
8512 696
8513 662
8514 740
8515 641
8516 705
8517 701
8518 699
8519 684
8520 662
8521 736
8522 656
8523 674
8524 683
8525 677
8526 677
8527 707
8528 664
8529 699
8530 647
8531 703
8532 669
8533 694
8534 660
8535 659
8536 694
8537 679
8538 676
8539 641
8540 662
8541 664
8542 685
8543 655
8544 631
8545 658
8546 688
8547 682
8548 698
8549 679
8550 662
8551 721
8552 642
8553 655
8554 694
8555 684
8556 678
8557 661
8558 654
8559 694
8560 703
8561 640
8562 658
8563 677
8564 638
8565 623
8566 652
8567 684
8568 680
8569 687
8570 685
8571 692
8572 647
8573 693
8574 676
8575 670
8576 665
8577 655
8578 729
8579 707
8580 669
8581 702
8582 608
8583 672
8584 712
8585 722
8586 667
8587 645
8588 667
8589 604
8590 718
8591 648
8592 655
8593 681
8594 707
8595 709
8596 703
8597 647
8598 660
8599 707
8600 715
8601 706
8602 670
8603 681
8604 649
8605 718
8606 669
8607 673
8608 681
8609 693
8610 711
8611 735
8612 698
8613 693
8614 727
8615 699
8616 716
8617 675
8618 688
8619 671
8620 685
8621 673
8622 689
8623 693
8624 689
8625 650
8626 691
8627 717
8628 698
8629 749
8630 723
8631 689
8632 715
8633 674
8634 698
8635 685
8636 678
8637 680
8638 673
8639 676
8640 637
8641 695
8642 690
8643 704
8644 631
8645 663
8646 710
8647 666
8648 683
8649 713
8650 692
8651 659
8652 675
8653 626
8654 746
8655 725
8656 670
8657 648
8658 688
8659 665
8660 688
8661 681
8662 685
8663 671
8664 698
8665 708
8666 675
8667 618
8668 666
8669 725
8670 736
8671 669
8672 683
8673 649
8674 624
8675 746
8676 681
8677 637
8678 671
8679 680
8680 682
8681 657
8682 680
8683 697
8684 636
8685 718
8686 675
8687 665
8688 705
8689 663
8690 652
8691 732
8692 744
8693 641
8694 716
8695 680
8696 670
8697 698
8698 706
8699 663
8700 706
8701 662
8702 716
8703 683
8704 686
8705 729
8706 722
8707 693
8708 712
8709 712
8710 694
8711 724
8712 717
8713 671
8714 747
8715 658
8716 665
8717 730
8718 686
8719 675
8720 711
8721 715
8722 651
8723 666
8724 672
8725 703
8726 682
8727 737
8728 728
8729 715
8730 715
8731 677
8732 699
8733 654
8734 671
8735 693
8736 682
8737 715
8738 749
8739 710
8740 679
8741 689
8742 665
8743 714
8744 715
8745 705
8746 705
8747 710
8748 681
8749 704
8750 698
8751 675
8752 657
8753 646
8754 714
8755 704
8756 672
8757 659
8758 738
8759 734
8760 683
8761 713
8762 696
8763 697
8764 738
8765 733
8766 685
8767 716
8768 633
8769 699
8770 684
8771 649
8772 735
8773 723
8774 671
8775 671
8776 683
8777 729
8778 725
8779 730
8780 688
8781 694
8782 674
8783 662
8784 724
8785 715
8786 690
8787 702
8788 676
8789 668
8790 748
8791 696
8792 685
8793 713
8794 708
8795 735
8796 764
8797 666
8798 716
8799 690
8800 645
8801 683
8802 716
8803 725
8804 732
8805 699
8806 669
8807 700
8808 685
8809 711
8810 676
8811 770
8812 693
8813 711
8814 670
8815 664
8816 722
8817 677
8818 690
8819 701
8820 733
8821 718
8822 705
8823 698
8824 689
8825 697
8826 664
8827 689
8828 674
8829 687
8830 656
8831 713
8832 712
8833 697
8834 678
8835 720
8836 746
8837 702
8838 674
8839 685
8840 727
8841 663
8842 678
8843 723
8844 707
8845 733
8846 643
8847 689
8848 707
8849 710
8850 679
8851 644
8852 675
8853 727
8854 731
8855 670
8856 711
8857 707
8858 702
8859 689
8860 700
8861 677
8862 670
8863 697
8864 633
8865 715
8866 732
8867 703
8868 683
8869 746
8870 708
8871 678
8872 749
8873 682
8874 703
8875 673
8876 729
8877 701
8878 732
8879 714
8880 697
8881 696
8882 707
8883 715
8884 679
8885 685
8886 735
8887 683
8888 674
8889 712
8890 663
8891 696
8892 677
8893 703
8894 714
8895 675
8896 689
8897 694
8898 679
8899 661
8900 682
8901 701
8902 745
8903 692
8904 687
8905 715
8906 679
8907 724
8908 739
8909 713
8910 735
8911 738
8912 677
8913 713
8914 719
8915 724
8916 716
8917 731
8918 731
8919 701
8920 719
8921 697
8922 705
8923 752
8924 715
8925 650
8926 690
8927 668
8928 711
8929 711
8930 740
8931 735
8932 739
8933 693
8934 686
8935 699
8936 719
8937 685
8938 706
8939 710
8940 652
8941 714
8942 679
8943 700
8944 695
8945 727
8946 695
8947 712
8948 662
8949 737
8950 702
8951 712
8952 688
8953 717
8954 750
8955 692
8956 710
8957 714
8958 719
8959 688
8960 708
8961 699
8962 689
8963 735
8964 692
8965 688
8966 679
8967 683
8968 697
8969 713
8970 733
8971 696
8972 720
8973 698
8974 726
8975 709
8976 693
8977 693
8978 726
8979 699
8980 711
8981 701
8982 725
8983 689
8984 709
8985 673
8986 763
8987 667
8988 676
8989 745
8990 744
8991 706
8992 683
8993 715
8994 710
8995 713
8996 703
8997 703
8998 669
8999 691
9000 665
9001 718
9002 752
9003 772
9004 709
9005 681
9006 736
9007 655
9008 744
9009 703
9010 725
9011 692
9012 738
9013 739
9014 717
9015 668
9016 710
9017 717
9018 760
9019 727
9020 729
9021 708
9022 729
9023 730
9024 730
9025 772
9026 746
9027 724
9028 710
9029 692
9030 692
9031 720
9032 699
9033 726
9034 711
9035 740
9036 709
9037 704
9038 695
9039 697
9040 769
9041 665
9042 748
9043 715
9044 776
9045 728
9046 713
9047 719
9048 719
9049 651
9050 724
9051 727
9052 661
9053 700
9054 676
9055 724
9056 755
9057 714
9058 690
9059 735
9060 704
9061 700
9062 721
9063 678
9064 677
9065 730
9066 729
9067 677
9068 730
9069 734
9070 723
9071 730
9072 747
9073 722
9074 723
9075 718
9076 697
9077 727
9078 685
9079 733
9080 710
9081 713
9082 672
9083 690
9084 772
9085 726
9086 674
9087 709
9088 707
9089 740
9090 712
9091 701
9092 735
9093 702
9094 668
9095 759
9096 759
9097 747
9098 668
9099 667
9100 685
9101 705
9102 696
9103 725
9104 742
9105 725
9106 750
9107 717
9108 735
9109 663
9110 706
9111 714
9112 739
9113 725
9114 685
9115 680
9116 766
9117 714
9118 686
9119 719
9120 705
9121 748
9122 713
9123 728
9124 732
9125 710
9126 751
9127 697
9128 749
9129 715
9130 697
9131 758
9132 709
9133 698
9134 712
9135 713
9136 738
9137 753
9138 738
9139 709
9140 714
9141 714
9142 740
9143 688
9144 735
9145 749
9146 739
9147 697
9148 692
9149 712
9150 749
9151 757
9152 716
9153 740
9154 726
9155 684
9156 726
9157 704
9158 730
9159 696
9160 778
9161 722
9162 696
9163 711
9164 749
9165 744
9166 665
9167 760
9168 767
9169 741
9170 782
9171 667
9172 747
9173 703
9174 740
9175 734
9176 703
9177 762
9178 739
9179 710
9180 729
9181 690
9182 773
9183 721
9184 748
9185 691
9186 769
9187 724
9188 733
9189 774
9190 685
9191 714
9192 759
9193 730
9194 719
9195 726
9196 688
9197 741
9198 745
9199 684
9200 746
9201 718
9202 734
9203 736
9204 722
9205 699
9206 758
9207 745
9208 768
9209 692
9210 729
9211 742
9212 717
9213 714
9214 741
9215 665
9216 709
9217 734
9218 714
9219 699
9220 700
9221 795
9222 733
9223 788
9224 722
9225 706
9226 699
9227 698
9228 753
9229 716
9230 755
9231 723
9232 716
9233 766
9234 687
9235 744
9236 728
9237 760
9238 727
9239 741
9240 725
9241 720
9242 776
9243 709
9244 795
9245 761
9246 730
9247 741
9248 714
9249 781
9250 751
9251 697
9252 709
9253 731
9254 746
9255 680
9256 753
9257 744
9258 753
9259 699
9260 736
9261 722
9262 701
9263 710
9264 736
9265 728
9266 727
9267 769
9268 764
9269 771
9270 702
9271 689
9272 749
9273 731
9274 732
9275 713
9276 783
9277 764
9278 696
9279 687
9280 750
9281 783
9282 700
9283 742
9284 788
9285 740
9286 750
9287 743
9288 774
9289 705
9290 763
9291 767
9292 736
9293 750
9294 690
9295 770
9296 737
9297 719
9298 732
9299 738
9300 754
9301 717
9302 727
9303 750
9304 743
9305 729
9306 741
9307 705
9308 740
9309 745
9310 785
9311 764
9312 729
9313 762
9314 755
9315 742
9316 715
9317 741
9318 694
9319 724
9320 727
9321 741
9322 770
9323 753
9324 751
9325 722
9326 755
9327 757
9328 738
9329 693
9330 765
9331 761
9332 726
9333 743
9334 756
9335 719
9336 729
9337 750
9338 708
9339 711
9340 724
9341 752
9342 726
9343 775
9344 747
9345 755
9346 771
9347 699
9348 746
9349 730
9350 759
9351 738
9352 780
9353 753
9354 717
9355 732
9356 741
9357 723
9358 752
9359 709
9360 744
9361 772
9362 709
9363 738
9364 739
9365 745
9366 675
9367 723
9368 805
9369 754
9370 734
9371 706
9372 744
9373 769
9374 715
9375 750
9376 708
9377 674
9378 753
9379 784
9380 739
9381 774
9382 742
9383 758
9384 733
9385 793
9386 766
9387 696
9388 792
9389 769
9390 727
9391 712
9392 731
9393 745
9394 749
9395 770
9396 684
9397 785
9398 733
9399 774
9400 762
9401 724
9402 749
9403 737
9404 797
9405 760
9406 744
9407 737
9408 762
9409 720
9410 710
9411 707
9412 711
9413 734
9414 736
9415 714
9416 764
9417 753
9418 711
9419 755
9420 736
9421 760
9422 744
9423 756
9424 763
9425 739
9426 758
9427 751
9428 727
9429 739
9430 764
9431 731
9432 764
9433 751
9434 721
9435 726
9436 749
9437 773
9438 725
9439 794
9440 737
9441 710
9442 781
9443 737
9444 751
9445 792
9446 794
9447 753
9448 770
9449 725
9450 739
9451 730
9452 751
9453 743
9454 745
9455 765
9456 765
9457 714
9458 776
9459 721
9460 748
9461 744
9462 786
9463 783
9464 729
9465 776
9466 690
9467 749
9468 745
9469 774
9470 743
9471 761
9472 763
9473 755
9474 725
9475 742
9476 746
9477 698
9478 761
9479 730
9480 758
9481 762
9482 757
9483 740
9484 760
9485 712
9486 762
9487 751
9488 771
9489 770
9490 794
9491 733
9492 751
9493 749
9494 755
9495 779
9496 726
9497 762
9498 701
9499 695
9500 764
9501 706
9502 748
9503 700
9504 779
9505 696
9506 748
9507 755
9508 773
9509 709
9510 720
9511 747
9512 724
9513 718
9514 752
9515 798
9516 746
9517 702
9518 750
9519 735
9520 755
9521 729
9522 742
9523 737
9524 800
9525 761
9526 734
9527 811
9528 773
9529 777
9530 772
9531 757
9532 747
9533 773
9534 732
9535 761
9536 749
9537 743
9538 744
9539 756
9540 776
9541 788
9542 735
9543 771
9544 801
9545 767
9546 731
9547 702
9548 744
9549 733
9550 764
9551 738
9552 742
9553 773
9554 756
9555 788
9556 740
9557 709
9558 803
9559 708
9560 768
9561 745
9562 765
9563 772
9564 779
9565 786
9566 790
9567 727
9568 756
9569 749
9570 714
9571 758
9572 775
9573 738
9574 727
9575 685
9576 716
9577 756
9578 808
9579 726
9580 769
9581 740
9582 757
9583 774
9584 782
9585 719
9586 736
9587 756
9588 733
9589 722
9590 751
9591 770
9592 759
9593 737
9594 758
9595 797
9596 821
9597 725
9598 803
9599 777
9600 758
9601 726
9602 783
9603 765
9604 728
9605 760
9606 753
9607 781
9608 752
9609 764
9610 723
9611 801
9612 763
9613 752
9614 779
9615 720
9616 781
9617 776
9618 736
9619 769
9620 756
9621 772
9622 718
9623 757
9624 742
9625 796
9626 748
9627 814
9628 815
9629 728
9630 777
9631 811
9632 758
9633 769
9634 791
9635 800
9636 753
9637 748
9638 746
9639 797
9640 804
9641 783
9642 767
9643 771
9644 767
9645 757
9646 727
9647 782
9648 761
9649 768
9650 767
9651 753
9652 801
9653 757
9654 777
9655 790
9656 746
9657 787
9658 752
9659 765
9660 787
9661 716
9662 739
9663 775
9664 758
9665 721
9666 775
9667 734
9668 764
9669 776
9670 771
9671 748
9672 779
9673 719
9674 734
9675 778
9676 773
9677 801
9678 792
9679 758
9680 730
9681 790
9682 780
9683 748
9684 749
9685 775
9686 768
9687 752
9688 753
9689 807
9690 753
9691 745
9692 775
9693 771
9694 795
9695 802
9696 757
9697 762
9698 767
9699 677
9700 765
9701 699
9702 777
9703 706
9704 759
9705 757
9706 795
9707 739
9708 758
9709 743
9710 771
9711 757
9712 762
9713 805
9714 769
9715 764
9716 782
9717 780
9718 746
9719 754
9720 809
9721 748
9722 764
9723 760
9724 766
9725 771
9726 764
9727 759
9728 774
9729 770
9730 754
9731 765
9732 774
9733 767
9734 808
9735 746
9736 753
9737 749
9738 779
9739 786
9740 729
9741 757
9742 750
9743 772
9744 776
9745 808
9746 756
9747 789
9748 735
9749 800
9750 777
9751 725
9752 724
9753 799
9754 782
9755 746
9756 771
9757 766
9758 774
9759 767
9760 786
9761 746
9762 788
9763 768
9764 728
9765 792
9766 768
9767 746
9768 781
9769 748
9770 811
9771 792
9772 719
9773 769
9774 771
9775 791
9776 776
9777 769
9778 775
9779 762
9780 794
9781 737
9782 781
9783 751
9784 748
9785 765
9786 777
9787 760
9788 801
9789 822
9790 786
9791 804
9792 750
9793 764
9794 734
9795 726
9796 822
9797 774
9798 789
9799 763
9800 738
9801 719
9802 748
9803 776
9804 756
9805 794
9806 760
9807 771
9808 753
9809 818
9810 786
9811 784
9812 761
9813 790
9814 811
9815 777
9816 741
9817 737
9818 783
9819 753
9820 787
9821 771
9822 734
9823 713
9824 782
9825 758
9826 804
9827 772
9828 792
9829 782
9830 755
9831 819
9832 775
9833 782
9834 814
9835 775
9836 785
9837 808
9838 742
9839 773
9840 743
9841 779
9842 799
9843 775
9844 730
9845 783
9846 753
9847 853
9848 779
9849 803
9850 772
9851 836
9852 747
9853 763
9854 806
9855 788
9856 773
9857 760
9858 831
9859 777
9860 765
9861 751
9862 757
9863 761
9864 769
9865 794
9866 802
9867 795
9868 793
9869 780
9870 780
9871 814
9872 775
9873 729
9874 795
9875 778
9876 761
9877 774
9878 751
9879 829
9880 788
9881 735
9882 810
9883 783
9884 752
9885 784
9886 798
9887 812
9888 788
9889 760
9890 773
9891 766
9892 806
9893 767
9894 766
9895 799
9896 815
9897 749
9898 795
9899 779
9900 763
9901 820
9902 835
9903 755
9904 803
9905 762
9906 813
9907 782
9908 781
9909 760
9910 782
9911 774
9912 762
9913 741
9914 777
9915 778
9916 833
9917 755
9918 783
9919 797
9920 817
9921 764
9922 808
9923 766
9924 811
9925 777
9926 803
9927 830
9928 800
9929 744
9930 779
9931 784
9932 772
9933 813
9934 730
9935 789
9936 797
9937 802
9938 772
9939 758
9940 802
9941 787
9942 784
9943 787
9944 764
9945 797
9946 785
9947 782
9948 790
9949 791
9950 775
9951 762
9952 790
9953 755
9954 773
9955 765
9956 796
9957 835
9958 812
9959 819
9960 775
9961 749
9962 710
9963 780
9964 749
9965 758
9966 802
9967 826
9968 767
9969 823
9970 765
9971 777
9972 753
9973 756
9974 852
9975 766
9976 792
9977 793
9978 773
9979 803
9980 751
9981 762
9982 738
9983 804
9984 774
9985 782
9986 774
9987 760
9988 790
9989 776
9990 789
9991 797
9992 758
9993 801
9994 791
9995 771
9996 786
9997 784
9998 769
9999 766
