0 1
1 2
1 1
2 2
2 1
3 2
3 3
3 2
3 4
3 1
4 3
3 2
2 1
3 3
3 4
4 1
3 3
4 2
4 5
4 1
4 2
4 4
5 3
5 4
5 3
5 4
5 1
5 2
5 3
6 1
5 5
5 3
5 1
6 4
6 5
6 2
6 1
6 4
6 3
7 6
7 4
6 2
7 4
7 6
7 5
6 6
7 2
7 3
7 5
6 2
6 3
6 2
6 6
7 3
7 5
7 1
7 3
7 4
8 1
8 5
8 2
8 3
8 6
8 5
8 2
8 1
9 4
8 6
8 6
8 4
8 1
8 7
9 3
9 5
9 2
9 4
9 7
9 8
9 6
9 8
9 6
9 3
9 2
9 1
9 1
9 3
9 1
9 5
10 7
9 8
10 7
9 8
10 6
10 8
10 7
10 3
10 4
9 2
10 4
11 7
10 3
11 8
10 3
10 2
11 9
10 4
11 3
11 7
11 1
10 4
11 1
11 5
10 6
11 2
12 1
11 5
11 3
11 1
11 6
11 7
11 4
11 1
11 5
12 7
11 8
12 7
12 2
12 3
11 9
12 6
13 5
12 7
12 5
12 6
12 2
12 3
13 7
13 5
13 9
13 8
13 9
13 1
13 4
13 6
14 5
13 3
13 1
13 8
13 3
13 2
14 6
13 5
13 7
13 2
14 8
13 7
14 4
13 9
14 10
13 5
14 7
14 9
14 6
14 5
14 8
14 2
14 3
15 6
14 3
14 2
15 10
15 9
14 2
15 4
15 7
15 4
15 8
14 2
15 9
15 6
15 8
15 1
15 5
16 9
15 10
15 4
16 11
15 4
16 1
16 6
16 1
15 5
16 2
15 9
16 3
16 9
16 4
16 10
16 6
16 7
16 8
16 1
16 8
16 4
16 1
16 4
17 10
17 2
17 5
17 7
16 6
17 5
18 3
18 9
17 6
17 5
17 2
17 3
18 6
17 8
18 9
17 10
17 7
17 5
17 2
18 5
18 11
18 10
18 11
18 6
18 8
18 2
18 10
18 11
18 9
18 7
18 1
18 6
18 8
18 10
18 7
18 6
18 9
18 1
18 7
17 12
18 9
19 6
19 11
19 1
19 9
19 10
18 7
19 10
18 3
18 10
19 11
20 7
19 8
20 1
20 10
20 5
20 10
20 5
19 2
19 4
19 5
19 4
19 8
19 5
20 1
19 9
20 7
20 9
19 9
20 10
19 3
20 1
20 7
20 2
20 10
19 7
20 8
20 10
21 3
20 9
20 11
21 1
20 2
20 2
21 10
21 1
21 11
21 11
21 8
21 11
21 6
21 7
21 11
21 2
21 8
21 13
21 5
21 10
21 7
21 1
20 6
21 5
21 8
21 9
21 1
21 9
21 7
21 3
22 12
21 3
21 9
22 7
22 2
22 4
22 4
21 5
22 4
22 10
22 13
22 6
23 11
23 3
23 10
22 8
23 4
23 4
22 5
23 8
23 4
23 7
23 11
23 12
23 6
23 12
23 12
23 1
23 14
24 4
23 11
23 10
24 4
24 1
23 3
23 8
23 1
23 5
23 4
24 9
24 6
24 7
23 10
24 3
24 10
24 12
23 4
24 13
24 11
24 11
24 13
24 10
25 5
24 3
25 7
25 12
25 6
24 11
24 14
24 2
24 5
25 9
24 12
25 6
25 4
25 8
25 13
25 8
25 12
26 10
26 8
26 12
26 3
25 10
26 9
26 12
26 2
26 11
26 6
25 7
26 2
26 1
25 4
26 13
25 9
26 6
26 8
26 9
26 5
27 8
27 13
26 5
27 6
27 9
27 8
27 7
27 13
27 3
27 2
27 5
26 3
27 6
27 9
27 12
27 15
27 12
27 5
27 6
27 1
27 6
27 9
27 12
27 13
27 8
27 4
26 8
27 11
27 11
28 13
28 12
27 13
28 3
28 12
28 9
28 5
27 9
28 7
28 9
28 8
29 7
28 6
28 7
29 2
29 8
28 10
29 11
29 7
29 8
28 7
29 8
29 4
29 9
29 10
29 11
29 5
29 10
28 11
29 13
29 14
30 4
30 1
29 2
29 13
29 6
29 4
29 8
29 13
28 13
29 11
29 2
29 11
29 12
29 10
29 2
30 12
29 5
29 11
29 13
29 8
29 14
30 9
30 4
30 5
30 13
30 14
30 11
30 15
30 7
30 14
30 3
31 7
31 8
30 2
30 14
31 7
30 12
30 5
30 3
30 4
31 13
30 10
30 4
30 10
30 12
31 7
31 3
31 15
31 10
31 4
31 11
31 14
31 1
31 9
31 14
31 11
30 10
31 13
31 1
32 12
31 13
32 2
31 14
31 11
31 15
31 6
32 12
32 7
32 3
32 13
31 14
32 1
33 3
33 8
33 3
32 11
32 13
33 4
32 7
32 12
33 13
33 10
32 11
33 16
33 11
33 14
33 13
33 15
33 11
33 14
33 4
33 13
33 4
33 10
34 14
33 15
33 9
34 2
33 11
33 13
34 14
34 12
34 8
33 9
34 12
33 10
34 15
34 14
34 6
34 14
34 14
33 11
34 3
34 15
34 16
34 7
35 5
34 16
34 10
34 12
35 14
34 15
34 7
34 3
35 15
35 2
34 11
35 9
34 10
35 2
34 12
35 14
35 8
35 5
35 8
35 6
35 13
35 14
35 17
35 4
35 2
35 3
36 7
35 14
36 10
36 14
35 15
35 17
35 10
36 6
35 15
36 4
36 12
35 10
36 5
36 13
36 14
35 4
36 15
37 7
36 10
37 13
37 10
37 11
36 4
36 17
37 15
36 6
37 9
36 9
36 2
36 6
37 15
37 16
36 7
37 4
37 12
37 11
37 7
37 16
37 15
37 5
37 16
37 12
37 18
38 4
37 3
37 16
38 9
38 17
38 1
38 11
38 14
38 6
38 5
38 15
38 5
38 3
38 14
38 10
38 18
38 8
38 15
38 1
38 14
38 12
38 16
39 11
39 15
38 4
39 15
38 14
39 15
39 17
39 13
38 2
39 16
39 17
39 16
39 8
39 18
39 5
38 7
39 17
39 16
39 14
39 13
39 15
39 17
39 11
39 16
39 6
39 2
39 12
40 15
40 3
40 12
40 8
40 7
40 13
40 16
40 8
40 10
40 3
40 13
39 3
40 1
40 12
40 16
40 9
40 14
40 15
40 16
40 9
40 5
40 12
40 18
40 16
40 11
40 17
41 18
41 17
41 12
41 1
41 12
40 18
41 7
40 13
40 12
41 8
41 11
41 4
41 18
41 2
41 14
41 10
42 9
41 8
41 10
42 12
41 10
41 2
41 13
41 9
41 10
41 11
41 7
40 16
41 13
42 14
42 11
42 10
42 9
42 16
41 14
42 17
42 2
42 17
42 1
42 17
42 7
43 5
43 19
42 1
43 6
43 10
43 17
43 13
43 6
43 17
42 14
42 16
43 18
43 15
43 17
43 1
43 15
43 13
43 3
43 5
43 16
42 16
43 17
43 7
43 1
43 12
43 9
43 17
43 13
44 11
44 20
43 2
44 4
44 8
43 14
44 6
43 19
44 11
43 2
43 18
44 13
44 6
44 18
45 15
44 8
44 14
44 19
44 16
45 15
44 4
45 16
44 5
45 6
45 19
45 18
45 12
45 15
45 1
45 10
45 14
45 2
45 16
45 2
45 1
45 1
46 5
45 14
45 15
44 16
44 18
45 4
46 19
46 15
45 11
45 15
46 11
45 18
45 9
45 13
46 11
45 18
46 9
46 11
46 17
45 16
46 15
46 19
45 7
46 17
46 16
46 17
46 10
46 18
47 19
47 13
46 1
47 14
47 3
46 18
47 8
46 17
46 3
46 8
46 5
46 20
47 17
47 20
47 14
47 11
47 6
46 18
47 4
47 16
47 19
47 5
47 7
47 10
46 6
47 1
48 10
47 18
47 1
47 19
47 13
47 19
47 16
48 15
48 18
48 17
48 12
47 19
48 7
48 4
48 15
48 2
48 6
48 10
49 19
49 14
49 5
48 15
49 17
48 3
49 20
49 18
48 15
48 7
48 3
49 14
49 19
49 18
49 20
49 1
49 2
48 17
49 6
48 5
49 13
49 15
48 14
49 19
48 14
49 18
48 11
49 10
49 17
49 19
49 5
49 13
50 16
50 2
50 4
49 12
49 3
49 6
50 1
50 16
49 10
50 5
50 15
50 11
50 18
50 13
50 18
50 17
50 10
51 19
51 18
51 17
51 20
51 12
51 2
50 19
50 13
51 20
51 5
51 15
50 17
51 9
51 11
51 19
51 19
51 14
51 7
51 3
50 19
51 17
51 11
52 19
51 18
52 17
51 18
51 16
51 21
51 9
51 21
51 4
52 1
52 19
52 18
52 13
52 19
52 8
52 20
52 15
52 14
51 16
52 10
52 12
52 6
52 21
52 18
53 12
53 20
53 19
53 18
53 16
53 15
53 19
52 20
53 18
52 5
52 1
53 4
53 8
53 20
53 3
53 16
53 17
53 5
53 18
53 16
53 15
53 9
53 20
54 7
53 8
54 21
54 13
53 19
53 20
53 22
53 20
54 12
53 20
54 8
54 16
54 22
54 21
53 21
53 14
53 1
54 16
54 13
54 8
54 18
54 1
55 12
55 15
54 17
54 21
54 18
55 14
55 7
55 21
54 22
55 17
55 14
55 19
55 12
55 10
55 13
55 16
54 3
55 15
55 18
55 16
55 10
55 8
55 19
55 3
56 12
56 5
56 20
55 22
55 9
56 19
56 22
56 14
56 21
56 17
56 20
56 4
56 2
56 16
56 14
56 21
56 14
56 17
56 8
56 20
56 22
56 4
56 7
56 20
57 17
56 6
56 7
56 23
56 22
56 12
57 16
57 18
57 17
56 8
56 23
57 19
57 17
56 22
57 20
57 1
57 23
56 24
57 6
57 21
57 12
57 11
57 9
58 4
57 12
57 13
56 4
57 15
57 21
57 6
57 5
57 10
57 19
57 3
57 13
58 22
58 18
57 12
57 21
57 17
57 3
57 19
58 21
58 7
57 8
57 16
58 13
58 20
58 22
58 5
57 18
58 9
58 19
59 23
58 13
58 20
58 4
58 8
59 11
58 19
59 22
58 13
58 20
59 1
59 22
59 7
58 15
59 22
59 14
59 23
59 20
60 9
60 17
60 21
60 23
59 24
60 15
59 4
59 14
60 2
60 14
60 16
59 18
59 20
59 21
60 23
59 13
60 14
60 16
60 20
60 19
61 24
61 21
61 22
61 6
60 13
60 14
61 12
61 23
61 6
60 22
60 8
61 11
60 21
60 22
61 4
61 7
61 15
61 20
61 10
61 20
60 21
61 23
61 22
61 19
61 23
61 4
62 20
61 18
62 13
62 3
62 12
61 18
62 20
61 4
61 24
62 5
61 7
62 5
62 16
62 6
61 15
62 16
62 9
62 19
62 12
62 16
62 13
63 20
61 16
62 23
62 21
62 20
62 20
62 11
63 3
63 9
62 2
63 19
63 22
63 15
63 21
63 19
63 22
63 11
63 7
63 19
63 23
63 10
63 13
63 15
63 9
63 18
63 1
64 21
63 24
63 6
63 14
63 24
63 11
63 18
64 19
63 12
64 19
63 20
63 11
64 21
64 7
64 24
64 21
64 18
64 1
64 24
64 19
64 23
64 5
64 18
64 19
64 24
64 17
64 2
64 17
64 20
64 23
64 7
64 18
64 23
64 8
64 22
64 23
64 14
65 17
65 7
65 8
65 1
65 24
65 8
65 17
65 24
65 1
65 15
65 23
65 20
66 2
65 13
65 23
65 14
66 10
65 17
65 21
66 10
66 16
65 23
65 8
65 22
65 11
66 24
66 13
66 1
66 9
66 13
66 25
66 20
66 21
66 23
66 11
66 9
66 2
66 23
66 19
66 21
66 12
66 19
67 17
66 23
66 25
66 2
67 3
67 23
66 7
66 21
66 6
67 12
66 9
66 15
66 20
67 22
67 8
67 24
67 14
67 21
67 23
67 22
67 24
68 13
68 23
67 14
67 16
67 24
67 9
67 3
68 11
68 22
68 12
68 15
68 17
68 3
68 22
68 16
68 21
68 23
68 25
68 9
68 6
68 25
68 20
68 19
68 23
68 22
68 4
68 24
68 11
68 25
68 13
69 14
68 24
68 26
69 25
68 15
69 19
68 6
69 20
68 3
69 2
69 21
68 10
68 24
69 17
69 12
69 22
69 19
69 11
69 19
69 21
69 24
68 16
69 18
69 22
69 13
69 2
69 9
69 16
70 22
69 12
70 24
69 17
70 1
70 20
70 16
70 17
69 24
69 18
70 19
69 2
70 17
70 21
69 25
70 26
70 7
70 6
70 7
70 12
71 21
70 22
71 10
70 13
70 4
71 23
70 14
71 20
71 25
71 24
70 23
70 8
70 24
70 4
71 21
71 25
71 22
71 4
71 2
71 24
71 25
71 18
71 26
71 14
71 12
71 9
71 1
71 21
71 3
72 25
71 12
71 8
72 13
71 11
71 18
72 13
72 27
72 8
71 19
71 5
72 16
72 24
71 23
72 20
72 16
72 25
72 18
73 24
73 9
72 21
73 24
72 23
73 25
72 26
72 9
72 27
72 20
73 5
73 25
72 22
72 24
72 11
73 15
73 26
73 7
73 5
73 14
73 18
74 22
74 4
73 25
73 20
74 26
73 27
73 8
73 21
74 20
74 26
73 22
73 18
74 16
74 15
74 25
74 14
74 21
74 17
74 26
74 15
73 5
74 27
74 20
74 25
74 20
75 12
74 17
74 19
74 20
74 23
75 24
75 21
74 24
74 13
74 22
74 28
74 22
75 6
75 24
74 7
75 26
74 27
75 25
75 15
74 19
74 26
75 27
75 14
75 21
75 8
75 11
75 24
75 21
75 1
74 16
75 12
75 25
75 18
75 5
75 23
75 26
75 21
75 26
75 7
76 22
76 23
76 14
76 18
76 19
75 6
76 25
76 16
76 22
76 25
76 10
76 2
77 28
76 27
76 16
76 15
76 19
76 7
76 26
76 17
76 20
76 15
77 25
77 9
77 21
77 28
77 21
77 25
77 12
77 25
77 16
77 26
77 18
76 28
77 26
77 12
77 9
77 24
77 3
77 15
77 23
77 18
77 26
77 25
77 9
77 25
78 19
78 4
77 17
77 22
78 5
78 22
77 25
78 27
78 21
78 17
78 19
78 21
78 27
78 22
78 22
78 26
78 2
78 7
78 8
78 28
78 15
78 24
79 23
79 25
79 13
78 6
79 16
79 26
79 13
79 27
79 5
79 26
79 25
78 20
79 21
79 22
78 7
79 20
79 23
80 11
79 28
80 15
80 24
80 27
80 28
79 29
80 7
80 26
80 14
79 26
79 19
80 30
80 23
80 28
79 25
80 27
79 26
80 25
79 15
80 22
80 29
80 9
80 28
80 25
80 25
80 24
80 18
79 14
80 21
80 26
80 23
80 18
80 28
80 26
80 13
80 11
80 4
80 29
80 24
80 23
80 31
80 23
81 29
81 22
80 20
81 28
81 18
81 27
81 21
81 22
81 7
80 25
81 15
81 24
81 27
81 18
81 12
81 29
81 22
82 28
82 20
81 27
81 2
81 21
81 14
82 29
82 24
82 17
81 14
82 23
82 11
82 16
82 13
82 8
82 13
82 24
82 9
82 15
82 21
83 3
83 20
83 2
82 26
82 14
82 7
82 22
82 29
83 13
82 24
83 4
83 27
82 22
83 10
83 21
83 21
83 1
83 6
83 24
83 12
83 27
83 7
83 21
83 24
83 25
83 6
83 17
83 29
84 11
84 21
84 28
83 29
84 5
83 27
83 28
83 5
84 21
84 6
84 2
84 14
84 9
84 15
84 29
84 20
84 27
84 28
84 11
84 2
84 22
84 8
84 4
85 17
85 27
84 29
84 18
85 23
85 28
85 17
84 29
84 24
85 8
85 27
84 26
84 20
84 2
85 18
85 3
84 28
85 26
85 16
85 20
85 14
85 21
85 14
85 26
85 30
85 14
85 2
86 31
86 23
85 10
86 28
85 1
85 25
85 26
86 18
86 26
85 27
85 30
86 29
85 21
85 26
85 12
86 25
85 26
85 23
86 28
86 6
86 26
86 5
86 20
86 10
86 1
86 15
87 22
87 24
86 5
86 29
86 24
87 28
87 23
86 29
87 16
87 18
87 24
87 3
87 30
87 24
86 31
87 25
86 28
87 10
86 13
87 9
88 1
87 3
87 10
87 17
88 28
87 9
88 5
88 21
87 23
87 21
87 25
87 28
88 27
87 3
88 24
88 16
88 30
87 3
87 8
87 9
88 14
88 15
88 28
88 3
87 13
88 8
88 7
88 12
88 21
88 11
88 4
88 19
88 16
89 23
88 26
88 12
88 4
89 2
89 30
89 1
89 29
89 27
88 4
89 13
89 30
89 19
89 21
89 4
90 30
89 8
89 1
90 20
90 32
89 8
89 10
90 30
89 29
89 27
89 26
90 11
90 27
90 20
89 27
89 6
90 17
89 27
89 24
90 5
90 21
89 30
90 26
90 22
90 25
90 20
89 22
89 8
90 25
90 12
90 18
90 23
89 27
90 13
90 10
90 18
90 31
90 28
90 4
90 23
91 11
91 27
91 21
91 8
91 31
91 26
91 14
91 21
91 28
91 30
90 27
91 20
91 13
91 29
91 29
91 1
92 27
91 15
91 12
91 18
92 30
91 25
92 27
91 23
92 21
92 10
92 21
92 26
91 29
92 27
92 11
93 24
92 6
92 12
92 3
92 30
92 14
93 2
92 28
93 27
93 23
92 17
92 18
93 30
92 20
92 23
93 29
92 2
93 29
93 31
93 27
93 29
93 28
93 15
93 17
92 15
93 1
93 31
93 17
93 29
93 10
93 25
93 19
93 22
93 30
93 18
93 25
93 5
93 3
93 23
93 25
93 6
94 30
93 17
94 31
94 9
93 25
93 24
94 13
94 25
94 4
94 11
94 26
94 22
94 23
94 28
94 22
94 30
94 3
94 20
94 23
94 15
94 2
94 23
94 29
94 4
94 28
94 22
94 16
95 24
95 19
95 27
94 8
95 20
95 32
95 15
95 32
95 28
95 17
95 11
95 29
95 8
94 21
94 28
95 11
94 28
95 22
95 24
95 31
95 33
95 5
95 11
95 19
95 13
96 30
96 27
96 23
95 13
96 32
96 28
96 15
96 31
96 30
95 18
96 16
95 1
96 17
96 31
96 29
96 24
96 16
96 31
95 2
96 22
96 30
96 6
96 14
96 13
97 18
97 28
97 30
97 18
96 27
97 4
97 28
96 19
97 30
97 14
97 7
97 26
97 26
97 20
97 30
97 32
96 15
97 19
97 29
97 18
98 32
97 27
97 16
97 25
98 1
98 12
98 5
97 30
98 28
98 23
98 12
98 24
98 3
98 18
98 11
98 32
98 14
98 9
98 31
98 18
98 26
98 21
98 27
98 24
98 15
98 31
99 32
98 33
98 6
99 28
99 33
99 17
99 28
99 29
99 30
99 32
99 26
99 20
98 22
99 24
99 23
99 24
98 30
99 17
98 26
99 12
99 32
99 21
99 29
99 19
99 25
99 23
100 8
100 14
100 28
100 33
99 26
100 24
100 26
100 16
99 23
100 22
100 31
99 28
99 32
100 23
100 31
100 17
100 29
100 25
101 32
100 19
100 17
100 24
100 20
100 3
100 26
100 27
101 29
101 18
100 26
101 31
101 33
100 31
101 26
100 16
101 18
101 1
101 16
101 30
101 19
101 8
101 22
101 21
101 8
101 17
101 29
101 24
101 32
101 12
102 29
102 30
101 28
101 19
101 29
101 10
102 25
102 29
102 31
102 30
102 31
102 25
102 33
102 32
102 25
102 28
102 29
103 18
103 16
102 22
102 16
102 7
103 17
102 30
102 6
102 17
103 12
102 32
102 28
103 30
102 14
103 3
103 33
103 34
102 6
103 2
102 3
103 11
103 33
103 29
103 16
103 31
103 30
103 10
103 1
103 32
103 22
103 6
103 27
103 33
103 11
103 33
104 17
104 31
103 9
103 24
103 13
104 2
104 10
104 22
104 16
104 26
103 4
103 22
104 28
104 27
104 33
104 6
105 28
105 33
105 29
104 34
105 31
104 11
105 8
105 30
105 17
105 31
105 26
105 31
105 16
105 15
104 29
104 7
104 31
105 25
105 18
105 30
105 21
105 3
105 9
105 34
105 35
105 16
105 15
105 19
105 24
105 20
104 10
105 28
105 33
105 24
106 22
106 34
106 28
106 29
106 11
106 35
106 34
107 22
106 31
106 11
106 33
106 25
107 32
106 27
106 31
106 34
105 18
106 19
106 2
106 32
106 27
106 15
107 7
106 24
106 20
106 26
107 19
107 23
106 13
107 31
106 27
107 3
107 14
106 30
107 31
107 30
107 27
107 28
108 26
107 31
107 32
107 20
107 30
107 12
108 25
108 9
108 31
106 10
107 21
108 32
108 30
108 29
107 9
108 31
107 8
108 25
108 6
107 34
107 35
107 12
107 31
108 10
108 33
108 35
109 33
109 15
108 35
108 36
108 30
109 12
108 20
108 3
108 32
109 28
109 32
109 29
109 1
109 9
109 29
109 14
108 32
108 5
109 33
109 4
109 22
108 27
108 34
109 25
109 33
109 34
109 25
109 28
109 4
109 1
109 33
109 10
110 3
109 29
109 5
108 28
109 34
110 18
109 30
109 32
110 12
110 22
110 7
110 9
110 33
110 2
111 26
111 34
110 10
111 27
110 32
111 34
110 31
110 23
111 10
111 32
111 31
111 33
110 24
110 21
110 8
110 31
110 16
110 11
110 32
111 20
110 24
110 32
110 33
110 5
111 28
111 10
111 13
111 6
111 22
111 34
112 35
111 36
111 26
111 19
110 19
111 31
111 30
111 26
111 7
112 14
112 9
111 22
111 34
112 36
112 32
112 13
112 25
112 29
112 13
112 27
112 18
112 36
112 34
112 23
113 12
112 15
112 36
112 24
112 31
113 27
112 34
113 36
113 25
113 20
112 13
113 16
113 25
113 8
113 5
113 30
113 34
112 25
113 19
113 26
113 7
114 9
113 29
113 34
113 35
113 27
113 12
113 28
113 15
113 33
113 34
113 36
113 34
113 32
113 15
114 35
114 28
113 29
114 35
113 15
114 35
114 3
113 24
114 25
114 37
114 27
114 28
114 21
114 31
113 6
114 25
113 33
114 35
114 26
114 29
114 12
114 20
114 21
114 20
114 32
114 34
114 17
114 26
114 35
114 33
114 34
114 33
114 32
114 35
114 33
114 35
114 37
115 14
114 23
114 34
115 16
115 30
114 27
114 25
115 23
115 19
115 26
115 16
115 17
115 29
114 19
115 24
115 31
115 15
115 10
116 34
115 31
115 33
115 18
116 6
116 30
116 36
116 32
116 4
116 28
116 10
116 33
116 16
116 36
116 37
116 27
116 23
116 33
116 32
116 25
116 30
116 20
116 31
116 3
116 31
116 19
116 23
117 9
116 22
117 14
116 28
117 23
117 32
116 30
117 32
116 27
117 2
117 24
117 5
116 13
117 32
116 35
116 4
116 37
117 14
117 34
117 35
117 12
117 33
117 32
117 10
117 27
117 23
117 28
118 3
118 36
118 33
118 32
118 30
117 11
118 19
117 36
117 31
118 26
118 23
118 35
118 22
118 35
118 36
118 16
118 15
118 7
118 32
118 17
118 33
118 36
118 34
118 33
118 32
118 29
119 36
119 8
118 7
119 13
119 33
119 26
119 34
119 18
119 30
119 37
119 25
119 17
119 27
119 18
119 36
119 25
119 29
119 27
119 12
119 32
119 38
120 7
119 2
119 32
119 37
119 36
120 34
119 6
120 25
120 27
120 9
119 35
120 25
120 11
120 29
120 37
120 35
119 21
120 28
120 21
120 30
120 38
120 35
120 31
120 11
120 33
121 32
121 33
121 35
120 31
121 13
121 35
120 34
120 36
120 10
120 20
121 35
120 26
121 24
121 37
121 33
120 38
120 3
121 33
121 16
121 28
121 21
121 9
122 22
121 25
122 33
122 22
121 30
122 14
121 38
121 33
121 35
121 16
121 4
122 37
122 10
121 25
121 22
121 15
122 37
122 20
121 21
122 12
122 37
122 15
121 29
122 35
122 32
122 32
122 29
122 33
122 36
122 36
122 28
123 5
122 20
122 5
122 13
123 28
122 5
122 34
123 17
122 3
122 26
122 17
123 35
123 34
123 31
123 30
123 35
123 31
123 2
122 38
123 32
122 35
122 38
123 35
123 17
123 24
123 36
123 34
123 39
123 24
124 16
123 18
123 27
123 28
123 6
123 25
123 32
123 14
123 4
123 28
123 15
123 34
124 6
123 34
124 32
123 36
123 16
124 12
124 29
124 37
123 39
124 5
124 27
124 29
123 19
124 8
124 37
124 25
124 38
124 37
124 29
124 38
124 33
124 37
124 30
124 27
124 21
125 34
125 33
124 27
125 32
124 8
125 38
125 34
125 37
125 38
125 15
125 32
125 22
126 31
126 35
125 31
125 32
126 24
125 29
125 19
126 17
126 8
125 34
124 5
125 36
126 25
126 19
126 38
125 36
125 35
126 37
126 38
126 24
126 36
126 39
125 12
126 26
126 34
126 30
126 34
126 28
126 17
126 30
126 38
126 9
126 37
126 30
126 12
126 23
127 38
126 24
127 38
127 40
127 36
127 35
127 37
127 17
127 35
127 13
126 36
126 32
127 35
127 25
127 35
127 38
127 1
127 1
128 38
128 35
128 34
128 14
127 37
127 33
128 20
127 38
127 35
127 33
127 26
127 10
127 31
127 8
127 14
127 36
127 39
127 18
128 24
127 31
127 26
128 39
127 19
128 10
127 11
128 39
128 3
128 34
128 35
127 40
128 39
128 17
128 28
128 40
129 36
128 38
128 24
129 13
129 14
129 36
129 29
129 22
129 29
129 27
128 34
129 10
129 27
129 37
129 1
129 11
129 39
129 30
129 41
130 33
129 39
129 30
130 19
129 24
129 37
129 30
129 29
129 38
129 36
130 10
129 16
129 29
129 36
130 37
130 23
130 30
129 37
130 22
130 30
130 35
130 5
130 39
130 35
130 26
130 34
130 40
130 31
131 37
130 41
130 20
130 28
131 33
131 36
131 18
130 31
130 15
131 19
130 3
130 28
130 27
131 25
131 35
131 13
131 15
131 31
131 15
131 33
130 8
131 30
131 29
131 38
131 12
131 39
132 40
131 7
131 34
131 3
131 38
131 26
131 27
131 2
130 40
131 29
131 40
131 9
131 20
132 35
131 2
132 27
132 31
132 37
132 26
132 38
131 7
132 41
132 17
132 25
132 40
132 26
132 39
131 30
132 42
132 27
132 36
133 4
132 31
132 11
133 23
133 6
133 8
133 40
132 35
133 39
132 30
133 25
132 37
133 35
133 28
133 38
133 37
133 34
133 29
132 1
133 39
133 32
133 24
133 18
133 35
133 37
134 9
134 39
134 34
133 30
133 37
134 33
134 23
134 40
133 36
134 37
134 33
134 32
134 39
134 34
134 17
134 40
134 34
134 36
134 32
134 39
134 23
133 41
134 35
134 29
134 38
134 35
135 37
134 3
134 21
134 25
134 35
134 33
135 32
135 26
135 41
134 24
135 15
135 10
135 12
135 33
135 11
135 36
135 35
135 40
135 38
135 39
135 31
135 9
136 39
135 6
135 30
134 26
134 40
135 36
135 16
135 34
136 1
135 9
135 5
135 35
135 32
136 10
136 38
135 21
136 11
136 10
136 30
136 15
136 39
135 42
136 15
136 33
135 5
136 36
136 27
136 40
136 41
136 35
136 24
136 31
136 15
136 31
136 16
136 41
136 34
136 38
136 40
137 10
137 29
137 36
137 37
137 21
137 33
136 26
137 27
136 36
137 40
137 36
137 24
137 25
136 9
137 40
137 27
137 42
137 19
137 20
137 37
136 43
136 38
137 39
137 30
138 28
138 32
138 20
138 32
138 43
138 40
137 41
138 39
138 34
138 17
138 29
138 1
138 20
138 30
138 19
138 42
138 22
138 16
138 23
138 41
138 32
139 34
139 26
139 21
138 15
139 41
139 19
139 3
139 39
139 7
139 22
139 30
139 32
139 38
139 41
139 20
139 19
139 29
139 35
139 33
139 36
139 40
139 32
139 35
139 11
140 32
139 36
140 41
140 29
139 40
139 38
140 39
140 42
140 28
140 36
140 28
140 34
140 23
140 40
140 16
140 18
139 37
140 10
140 32
140 33
140 3
140 19
140 32
140 6
140 39
140 36
140 41
141 34
140 23
141 38
140 35
141 10
141 15
141 27
141 16
141 18
141 37
141 20
140 1
141 43
140 38
141 23
141 37
141 31
141 13
141 16
140 42
141 40
140 28
141 38
141 34
141 37
142 40
142 28
141 8
141 43
141 16
142 36
141 25
142 6
141 39
142 27
141 39
142 38
141 42
142 27
142 40
141 20
142 21
142 30
141 19
141 42
142 36
142 22
142 33
142 11
142 26
141 39
142 17
142 11
142 17
142 38
142 30
142 41
142 9
143 26
143 40
142 34
142 30
142 37
142 12
143 29
143 43
142 40
142 39
142 41
143 29
143 42
143 23
143 27
143 34
143 23
143 38
143 18
143 32
143 38
143 42
142 17
143 23
143 39
143 27
142 40
143 12
143 34
143 5
143 33
143 35
143 20
143 8
142 20
143 37
143 35
143 27
144 43
144 40
143 43
144 33
144 37
144 16
143 35
144 37
144 39
143 44
144 23
144 38
144 39
144 23
144 41
144 19
144 22
144 35
144 40
145 37
144 7
145 13
145 2
145 43
145 34
144 41
145 2
145 27
145 42
145 34
145 25
145 34
145 7
146 1
146 27
146 35
145 34
145 27
145 41
145 21
146 27
146 25
146 4
146 42
146 39
146 38
146 43
145 38
146 40
146 42
146 37
146 35
146 38
146 29
146 41
146 11
146 29
146 23
146 7
146 38
146 4
146 23
146 40
146 21
147 43
147 35
146 12
146 34
146 36
146 33
146 42
146 7
147 37
146 25
147 42
147 38
146 21
147 36
146 40
147 22
147 36
147 30
147 20
147 15
147 40
147 41
147 13
147 42
146 37
147 38
147 39
147 33
147 4
147 43
147 29
147 40
147 17
147 25
148 8
148 9
148 28
148 43
147 39
147 8
148 33
148 34
147 25
148 41
148 33
148 5
148 18
148 41
148 32
148 36
148 12
148 31
148 9
148 41
147 27
148 39
147 43
148 37
148 16
148 4
148 17
149 42
149 39
149 40
149 36
149 9
149 39
149 41
149 44
149 29
149 40
149 36
149 38
150 24
149 42
149 28
149 33
149 28
149 9
149 26
149 37
150 38
149 40
149 1
150 36
150 40
150 36
150 27
150 31
150 2
150 44
150 42
150 25
150 22
150 39
150 31
149 41
150 42
150 6
150 13
150 42
151 7
150 40
150 44
151 41
150 43
150 31
150 44
150 11
150 43
151 3
151 42
150 26
150 33
150 39
150 37
151 41
150 23
150 29
151 8
151 41
151 34
151 20
150 30
151 44
151 36
150 45
151 35
151 4
151 7
151 32
151 36
151 38
151 42
151 43
151 38
152 37
151 19
150 7
151 33
151 28
151 26
151 37
152 38
152 41
152 40
152 29
152 39
151 28
151 40
151 41
152 15
152 42
152 32
152 35
152 36
151 23
152 42
152 23
152 38
151 1
152 40
152 34
153 39
152 38
153 13
152 45
152 40
152 42
153 43
152 40
153 44
153 39
152 38
153 42
153 39
153 31
153 44
152 36
153 12
153 41
153 38
153 44
153 39
153 40
152 36
153 23
153 42
153 28
153 30
153 33
153 15
153 43
153 11
153 42
153 6
153 29
153 1
154 17
154 7
154 37
153 20
153 40
154 41
154 17
154 40
154 41
154 44
154 20
154 41
154 29
154 33
155 40
155 15
154 26
154 45
155 23
155 22
155 44
155 35
155 42
155 31
154 17
155 44
154 42
155 31
155 9
155 32
154 45
155 35
155 9
154 35
155 15
155 42
155 37
155 43
154 46
155 6
155 21
155 37
155 44
155 35
156 19
155 5
155 41
155 44
155 14
156 41
155 33
156 31
156 23
156 42
156 40
156 43
156 39
156 30
156 22
156 4
156 6
156 31
157 42
156 12
156 46
156 6
156 44
155 37
156 43
156 36
156 33
157 44
157 39
156 11
156 41
157 37
157 22
157 42
157 44
157 22
157 42
157 15
157 30
157 38
157 45
157 21
157 4
157 38
157 44
157 16
157 46
157 43
158 33
158 34
157 39
158 37
158 36
158 26
157 40
157 46
157 41
157 34
158 27
158 42
157 24
158 39
158 43
158 32
158 42
158 11
158 4
158 35
157 41
158 45
158 14
158 45
158 40
158 20
158 22
158 2
158 38
158 18
158 38
159 32
159 14
158 1
159 5
158 30
159 36
159 45
159 28
159 16
159 47
159 41
159 42
159 43
159 35
159 44
159 14
159 30
159 37
159 40
159 3
159 30
159 32
159 46
159 34
159 16
159 43
159 45
159 46
159 42
159 16
159 29
160 41
160 36
160 1
159 31
159 23
159 18
159 20
160 37
160 38
160 16
160 34
160 43
161 22
160 38
161 21
160 44
160 26
160 46
161 38
161 41
161 31
161 42
161 37
161 2
161 45
161 42
161 6
161 29
161 34
161 36
161 8
161 41
161 45
161 22
161 25
161 30
161 21
162 4
161 34
161 43
162 19
162 1
161 39
161 44
161 39
162 46
162 43
161 15
161 21
162 37
162 32
162 34
161 10
162 41
161 38
162 41
162 29
161 38
162 23
162 37
162 26
162 44
162 46
162 4
162 25
162 33
162 38
162 14
162 23
161 39
162 37
162 36
162 38
162 27
162 31
162 1
162 43
162 41
163 31
162 35
162 31
163 21
162 39
162 43
163 21
162 19
162 24
162 45
163 47
163 8
163 44
163 47
163 32
163 29
163 38
163 46
164 29
164 43
163 22
164 44
164 18
164 39
163 3
163 33
164 40
163 14
164 42
164 41
164 36
164 29
164 46
164 39
164 36
164 38
164 8
164 9
164 16
164 21
164 44
164 46
164 38
164 19
165 6
164 2
164 32
165 28
165 38
164 43
164 6
165 37
165 45
165 35
165 42
164 30
164 36
164 28
165 47
165 11
165 24
165 19
165 12
164 37
164 3
165 46
165 15
165 19
165 45
165 43
165 32
165 3
165 41
165 45
165 33
165 30
166 24
165 39
165 43
165 1
164 18
165 44
165 23
166 34
166 45
165 29
166 33
166 12
166 5
166 21
166 26
166 34
166 41
166 45
166 43
166 46
167 44
167 29
166 45
166 36
166 8
166 35
166 38
166 44
167 36
167 41
167 25
167 43
167 19
167 32
167 39
166 7
167 46
166 44
167 14
167 2
166 9
166 36
167 34
167 27
167 43
167 38
167 5
167 40
167 46
167 47
167 39
167 46
167 47
167 39
167 43
167 36
168 43
167 16
168 37
168 45
168 44
167 15
167 44
167 34
168 33
168 10
168 45
167 14
168 26
168 32
168 42
168 29
168 30
168 44
168 44
168 41
168 45
168 5
168 37
168 35
167 48
168 5
168 36
168 42
169 16
169 46
168 45
169 20
168 6
169 18
169 12
169 41
169 37
169 43
169 44
169 17
169 44
169 39
169 48
169 38
169 7
169 2
169 47
169 8
169 45
169 38
169 48
169 12
169 46
169 13
170 25
169 46
170 24
169 45
170 33
170 32
170 18
170 44
170 41
170 45
170 47
170 38
170 27
169 4
170 35
170 46
170 39
170 12
170 41
170 46
170 27
170 44
171 39
170 42
170 41
171 13
170 29
170 43
170 46
170 45
170 18
171 39
171 1
171 42
170 35
170 42
170 39
171 17
171 42
171 40
171 42
171 40
171 46
171 40
171 44
171 40
171 20
171 46
171 28
171 48
171 24
171 45
171 44
171 42
171 46
171 28
171 47
172 26
172 45
172 39
172 4
172 8
172 24
172 25
172 32
171 31
172 47
172 32
172 45
172 39
172 15
172 6
172 48
171 44
172 48
172 38
173 9
172 18
172 3
173 44
172 48
172 28
172 49
172 45
172 38
172 39
173 21
173 27
172 14
172 29
172 16
172 6
172 43
173 17
172 32
173 31
173 46
172 44
173 12
173 26
173 23
172 43
173 47
173 47
173 48
173 20
173 16
173 44
173 43
173 46
174 47
174 48
174 45
173 47
174 48
174 40
173 41
174 35
173 10
174 28
174 3
174 46
174 30
174 10
174 2
174 40
174 45
174 21
173 39
174 37
174 17
174 46
174 38
174 44
174 48
174 43
175 42
174 44
174 26
174 24
175 37
175 2
175 22
174 43
175 17
175 47
175 17
175 37
175 22
175 29
175 41
175 22
175 45
175 27
175 41
175 20
175 45
175 19
175 49
175 48
175 14
175 23
175 47
175 24
175 13
175 45
175 10
175 37
175 46
175 48
176 45
175 39
176 8
176 13
175 42
176 33
176 44
176 47
176 20
176 18
176 25
176 24
176 2
176 25
176 45
175 42
176 13
176 44
176 41
176 40
176 43
176 47
176 48
176 34
176 43
176 16
176 25
176 45
177 34
177 5
177 21
177 49
177 32
176 33
177 14
177 46
177 48
177 49
177 31
177 46
177 8
177 47
177 43
178 17
177 23
178 32
178 36
177 37
177 45
178 25
178 42
178 46
177 48
177 48
178 9
178 43
178 26
178 25
178 47
178 32
178 43
177 11
178 46
178 41
177 15
178 47
178 35
178 46
178 3
179 39
179 49
179 44
178 36
179 5
179 49
179 50
179 49
179 46
179 34
179 38
179 41
179 43
179 45
179 46
179 30
179 47
179 34
179 10
179 3
179 43
179 49
179 42
179 47
180 23
180 47
179 12
180 28
180 18
179 23
179 27
179 40
180 35
180 20
180 49
180 48
179 33
179 49
180 43
179 49
180 1
180 21
180 39
180 38
180 37
180 47
180 2
180 6
180 35
180 44
180 46
180 42
180 44
180 38
180 40
180 48
180 36
181 6
181 20
181 45
180 7
180 24
180 34
180 50
180 40
180 43
181 50
180 22
180 28
181 13
181 49
181 32
181 47
180 44
181 45
180 8
181 47
181 26
181 50
181 33
181 18
181 13
182 48
182 50
181 30
181 35
182 9
182 31
181 29
182 26
182 29
181 45
181 27
182 31
182 39
181 44
181 27
182 5
182 47
182 44
182 46
182 34
182 43
182 45
183 26
182 49
182 42
182 30
182 43
182 41
182 37
182 47
182 43
182 44
182 48
183 44
183 47
183 10
182 49
183 28
182 33
183 34
183 33
182 42
183 26
183 35
183 34
183 30
183 12
183 47
183 44
183 40
183 42
182 42
183 8
182 39
182 48
183 42
182 10
183 14
183 48
184 40
183 3
183 34
184 48
184 21
183 49
183 49
184 45
184 47
184 4
184 45
184 44
184 46
184 3
184 47
184 29
184 13
184 48
184 29
184 41
184 7
184 47
184 7
184 39
184 51
184 46
184 47
184 30
184 41
184 31
184 49
184 45
185 48
185 35
185 50
185 44
185 8
185 14
185 27
185 17
185 29
185 43
185 45
185 47
185 39
185 36
185 48
185 19
185 4
185 14
185 40
185 24
185 25
185 12
186 39
186 46
185 31
186 50
185 41
185 51
185 45
185 44
186 30
186 39
186 43
186 44
186 33
186 26
186 43
186 50
186 30
186 50
186 40
185 43
186 47
186 42
186 48
186 42
186 29
186 14
187 41
187 49
187 30
186 47
186 46
186 20
186 22
187 36
186 15
187 50
185 17
186 20
186 43
187 49
186 9
186 30
187 37
187 1
187 43
186 51
187 7
187 36
187 51
187 52
187 43
187 49
187 34
187 47
187 39
188 33
187 31
188 38
187 46
187 44
187 50
188 46
188 31
188 37
188 51
188 50
188 49
188 41
188 47
188 32
188 51
188 23
188 46
188 18
188 42
188 50
188 48
188 31
188 49
188 50
189 47
189 49
189 50
189 19
188 47
188 40
188 11
189 50
189 49
189 38
188 23
188 41
188 3
188 33
188 12
189 48
189 41
189 44
189 48
189 21
189 52
189 51
189 6
189 48
189 28
190 15
190 49
189 46
189 48
190 13
189 39
189 46
190 38
189 50
189 49
189 44
189 47
190 22
190 45
190 31
190 50
190 46
190 34
189 2
189 49
190 28
189 48
190 47
189 43
190 51
190 1
190 23
190 7
190 43
190 42
190 32
190 19
190 17
190 49
190 48
190 50
191 22
190 37
190 52
190 36
190 48
190 33
190 50
190 44
191 17
190 17
190 51
191 52
191 29
191 51
191 39
191 49
191 34
191 15
191 9
190 38
191 40
190 47
191 11
191 11
191 29
191 50
191 43
191 2
191 28
191 28
192 46
191 51
192 31
191 47
192 41
192 18
191 19
191 50
192 46
192 31
192 30
192 50
192 18
192 37
192 30
192 36
192 45
191 42
192 48
192 52
192 30
191 49
191 47
192 38
192 50
192 41
193 50
193 49
193 51
193 52
192 42
193 25
192 48
193 19
193 32
192 51
192 23
192 21
192 41
193 44
193 36
192 48
192 33
193 53
192 40
193 43
193 40
193 32
193 49
193 47
193 22
194 52
193 47
194 49
194 29
193 49
194 12
194 50
194 46
194 38
194 50
194 51
194 49
194 51
194 42
194 46
194 41
194 52
194 46
194 20
193 47
194 2
194 53
194 54
195 25
195 52
195 19
195 36
194 45
195 1
194 46
194 22
194 51
195 40
194 49
195 45
194 42
195 6
195 51
194 48
195 51
195 38
195 21
195 46
195 53
195 18
195 50
195 40
195 34
195 43
196 37
195 52
195 46
195 47
195 13
195 35
195 45
194 48
194 52
195 53
196 41
196 47
196 50
195 36
196 49
195 43
196 47
195 51
196 45
196 47
196 40
196 48
196 25
195 49
196 6
196 48
196 27
196 21
196 49
196 52
196 50
196 43
196 51
196 34
195 46
196 14
196 52
196 32
197 42
197 50
196 28
196 52
197 14
197 47
197 13
197 20
197 54
197 55
197 46
196 50
196 53
197 21
196 37
197 54
197 52
197 51
196 53
197 30
197 54
197 46
197 52
197 49
197 52
197 55
197 47
197 46
197 45
197 2
197 54
198 16
198 39
197 15
197 55
198 43
198 49
197 36
198 7
197 41
197 3
198 45
198 28
198 40
197 37
198 53
198 46
198 1
198 14
198 53
198 41
198 15
198 35
198 48
198 33
199 45
199 52
199 31
198 3
199 5
199 51
198 49
198 52
199 8
198 51
198 23
198 48
198 50
198 51
199 52
199 46
199 43
199 16
199 7
198 27
199 55
199 47
200 24
199 10
199 41
199 52
200 49
200 24
200 28
200 43
199 24
199 45
199 34
200 53
199 29
199 51
199 14
199 48
199 38
200 18
200 39
200 26
200 52
200 54
200 30
200 11
200 42
200 51
200 49
200 35
200 54
200 52
200 34
200 56
200 29
200 46
201 32
200 51
200 30
200 52
201 51
201 21
201 50
200 52
201 42
201 39
201 10
201 49
201 39
201 50
201 22
201 18
201 10
200 27
201 37
201 41
201 50
201 1
201 37
201 47
201 52
201 53
201 50
201 27
201 28
201 50
201 43
202 55
202 50
202 54
202 49
202 47
202 15
202 41
202 24
202 2
202 51
202 39
202 51
202 44
203 42
202 54
202 55
203 52
202 53
202 11
202 38
203 51
203 52
203 45
202 51
202 49
203 52
203 53
203 17
202 49
203 19
202 13
202 45
203 49
202 36
203 35
202 26
203 11
202 52
203 27
203 53
203 29
203 53
203 23
203 52
203 24
203 43
204 5
204 52
204 9
204 26
204 51
204 22
203 47
203 41
204 55
203 25
204 54
203 38
203 24
204 48
204 55
203 37
203 34
204 39
204 33
204 47
204 39
204 32
204 49
205 55
205 41
205 26
204 50
205 54
204 25
204 43
204 12
204 28
204 16
205 44
205 40
205 13
205 50
205 39
205 38
204 48
205 49
205 53
205 49
205 8
205 23
205 47
205 54
205 56
205 51
205 48
205 49
206 53
206 47
206 55
205 27
205 51
205 53
205 14
206 48
205 51
205 8
205 30
205 33
206 17
206 54
206 12
206 22
206 49
206 7
206 55
206 48
206 53
206 48
207 51
206 54
207 10
206 9
206 19
206 49
207 19
206 55
207 16
206 52
207 21
207 9
206 53
207 34
207 27
207 12
207 50
207 51
207 36
207 24
207 43
206 40
207 56
207 49
208 7
207 23
207 22
207 51
207 19
208 37
208 56
208 57
208 48
207 44
207 6
207 45
208 54
208 56
208 31
208 49
208 27
208 54
208 54
208 20
208 29
208 48
208 51
208 50
208 53
208 52
207 56
208 29
208 14
208 52
208 55
208 52
208 32
207 51
208 47
208 45
208 48
208 52
207 5
208 54
208 44
208 14
208 52
208 18
208 43
208 52
208 50
208 43
209 53
209 45
208 53
209 19
208 55
208 26
209 40
208 53
209 22
209 54
209 49
209 26
209 47
209 2
209 36
209 25
210 38
209 54
209 50
209 51
209 54
208 36
209 46
209 38
209 32
210 11
209 17
210 30
210 55
209 41
210 18
210 48
209 45
210 35
209 40
209 43
209 36
210 53
210 51
210 20
210 50
210 32
210 24
210 39
210 50
210 53
210 2
211 28
210 21
211 14
211 53
210 48
210 53
210 37
210 53
210 29
211 45
211 52
211 37
211 55
210 57
210 20
211 30
211 55
211 48
211 51
211 30
211 31
211 43
211 55
212 32
212 42
211 48
212 2
212 46
211 54
212 52
211 48
211 41
211 55
211 22
211 31
211 35
211 30
212 2
212 33
212 53
212 43
212 27
212 55
211 44
211 49
212 56
212 6
211 34
212 48
212 5
212 45
212 38
212 43
212 54
212 31
212 46
212 56
212 2
212 51
212 27
212 42
213 52
213 27
213 42
212 23
212 5
213 24
213 35
212 20
212 42
213 53
213 32
213 3
213 55
213 50
213 46
213 56
214 57
214 47
213 22
214 48
213 45
214 46
213 45
214 48
214 26
214 53
213 51
213 51
213 56
213 49
213 36
213 42
213 53
213 50
213 40
214 11
214 49
214 57
214 31
214 53
214 50
213 45
213 50
214 51
214 41
213 52
214 54
214 52
214 16
214 35
214 15
214 57
214 2
214 55
214 45
214 56
214 54
214 27
215 56
215 46
215 8
214 36
215 32
215 42
215 56
215 46
215 36
215 48
215 33
216 29
216 54
215 37
215 18
216 14
215 54
216 31
215 25
215 8
215 30
216 56
215 55
216 47
216 12
215 28
215 52
216 44
216 42
216 47
215 4
216 46
216 53
216 56
216 5
216 52
216 57
216 48
216 1
216 34
217 53
216 8
216 58
216 42
217 30
216 10
216 41
217 25
217 52
215 50
216 54
216 52
216 3
216 47
217 11
217 46
217 38
217 47
217 48
216 12
217 44
216 45
217 47
217 34
217 57
217 42
217 45
217 44
216 45
217 54
217 55
217 54
218 17
217 46
217 55
217 8
218 53
217 49
218 54
217 53
218 52
218 33
218 53
218 54
218 18
218 51
218 56
218 28
218 45
218 55
218 55
218 49
218 38
217 55
218 45
218 52
218 2
219 9
218 57
218 12
218 46
218 56
218 51
218 20
219 48
218 4
219 58
219 41
219 55
219 3
219 55
218 37
218 12
219 55
219 32
218 28
218 21
219 56
219 51
219 40
219 42
219 35
219 51
219 15
219 54
219 30
219 55
220 12
220 50
220 44
220 21
220 48
220 50
220 53
220 19
220 15
219 19
220 49
220 23
220 48
220 49
220 42
220 39
220 45
220 49
220 36
220 48
220 54
220 57
220 52
220 37
220 56
220 56
220 58
221 50
220 36
221 54
220 56
221 36
221 55
220 34
220 57
220 24
221 25
220 42
221 26
221 51
221 55
221 22
220 4
221 58
220 45
220 34
221 48
221 27
221 44
221 50
221 21
221 33
221 43
221 36
221 35
222 53
222 37
221 25
222 58
221 39
221 51
221 55
221 7
221 56
222 36
221 57
221 39
222 21
222 51
222 42
222 5
221 34
222 28
222 53
222 51
222 44
222 4
221 56
222 43
222 53
222 16
222 56
222 52
222 53
222 2
223 10
222 9
222 40
222 57
223 44
223 56
222 44
222 56
223 16
222 8
222 14
222 28
223 35
223 50
222 34
222 49
222 43
223 54
223 18
223 40
223 41
223 34
222 58
223 48
223 53
223 52
223 19
223 51
223 44
223 52
223 57
223 42
224 59
224 53
224 55
223 38
223 53
223 49
223 34
224 35
223 27
223 52
224 53
224 17
224 43
224 9
224 11
224 57
224 58
224 59
224 51
224 57
224 56
224 36
224 57
224 41
224 19
224 59
224 55
224 57
224 42
224 46
225 57
225 52
225 27
224 48
224 40
225 23
225 54
225 12
225 10
225 48
225 34
225 49
225 50
225 53
225 56
225 57
225 56
225 43
225 56
225 10
225 20
225 29
225 50
225 52
225 28
225 52
225 56
225 54
225 20
225 58
225 60
225 44
226 30
225 51
225 56
225 53
226 50
225 58
225 35
225 17
224 27
225 53
225 37
226 57
226 56
226 45
225 48
226 51
226 53
226 46
225 54
226 56
226 36
226 58
226 51
226 45
225 14
226 57
226 54
226 47
227 54
227 39
226 52
227 31
227 41
227 6
227 51
227 53
227 49
227 39
226 52
227 54
227 29
227 43
227 45
227 42
227 1
227 23
227 56
227 55
228 51
227 58
227 59
227 56
227 39
227 59
227 36
228 35
228 26
228 24
228 55
228 58
228 37
227 44
228 51
228 49
228 55
228 50
228 31
228 42
228 17
228 42
228 41
228 51
228 36
227 55
228 57
228 53
228 44
229 58
228 35
229 41
229 21
228 43
228 56
228 58
228 53
228 59
228 58
228 26
228 55
229 46
229 22
229 53
229 54
229 27
229 33
229 60
229 1
229 24
229 31
229 22
229 48
229 54
229 16
230 55
230 44
230 13
229 57
230 19
229 44
230 59
230 56
229 55
230 51
230 57
229 60
230 59
230 45
230 57
230 59
230 40
229 10
229 37
230 54
230 61
229 58
230 18
230 35
230 31
229 58
230 60
231 20
231 47
231 50
231 54
231 59
231 54
231 14
231 52
230 51
230 60
230 49
230 45
230 24
231 60
231 57
231 52
231 33
230 8
231 54
232 23
231 7
231 50
232 12
231 57
232 16
231 41
231 53
231 32
231 40
231 57
231 54
231 35
232 17
232 57
231 17
232 52
232 49
232 53
232 56
232 35
232 52
232 55
232 28
232 57
232 49
232 58
232 8
232 58
232 11
232 27
232 46
231 59
232 53
232 22
232 60
233 44
232 53
232 60
232 58
233 61
232 22
232 19
232 3
232 37
232 38
233 40
232 29
233 25
233 26
233 46
233 33
233 47
232 56
233 35
233 48
232 49
233 30
233 47
232 20
233 57
233 40
233 47
233 53
233 42
233 28
233 58
233 52
233 46
233 58
233 42
233 61
232 50
233 52
233 59
233 60
233 57
233 23
233 48
234 59
234 60
234 15
234 34
234 20
234 56
234 55
234 56
234 46
234 9
234 59
234 56
234 50
234 18
234 47
235 49
234 39
233 58
234 13
234 58
234 59
235 50
235 55
235 45
235 57
235 25
235 61
234 52
235 50
235 59
235 50
234 44
235 36
234 60
235 51
235 53
235 59
235 57
236 56
235 39
235 19
236 60
235 19
236 55
235 57
235 51
236 45
235 43
235 59
236 51
235 42
235 57
235 60
236 54
236 61
235 57
235 55
236 33
235 61
236 50
235 48
236 6
236 52
237 61
237 18
237 4
237 55
236 53
237 19
236 46
236 10
237 57
236 26
237 62
236 47
236 58
237 56
237 60
237 49
237 58
237 46
237 61
237 48
237 33
237 42
237 40
237 3
237 57
237 44
237 15
237 35
237 50
237 62
237 54
237 60
237 21
237 10
237 47
237 7
237 45
237 40
237 58
237 55
237 52
237 43
238 35
238 58
237 59
237 51
236 58
237 38
237 61
237 5
237 37
238 33
238 50
238 60
238 27
238 34
238 57
238 31
238 54
238 55
238 49
238 44
238 43
238 59
238 18
238 52
238 60
238 63
238 28
238 27
238 40
239 59
238 13
239 3
239 40
239 52
238 47
239 49
239 61
239 42
239 5
238 30
239 59
239 30
239 9
238 57
239 56
239 60
239 61
239 59
239 35
239 57
239 62
239 39
239 35
239 61
239 32
239 27
240 1
240 55
239 60
239 54
240 60
240 57
240 60
239 55
240 54
239 58
239 53
239 50
240 38
240 45
240 35
239 58
239 40
239 54
240 62
240 39
239 35
239 61
240 53
239 59
239 56
240 2
239 62
240 59
240 62
240 50
240 47
240 64
240 57
240 61
241 58
240 57
241 58
240 62
240 47
241 55
241 15
240 40
240 60
240 37
240 27
240 50
240 20
240 59
240 52
241 19
241 61
241 59
241 52
241 16
241 19
241 21
241 14
241 58
242 24
241 23
241 54
241 37
241 45
241 50
241 56
242 59
241 21
242 63
242 21
241 59
241 46
242 45
241 5
242 33
242 25
242 57
242 47
242 51
241 56
242 5
242 34
242 22
242 62
242 57
242 21
242 51
242 57
242 51
242 60
242 56
242 31
243 55
242 44
243 49
243 46
243 55
243 46
243 43
243 59
243 63
243 46
243 49
243 39
243 47
243 35
243 43
243 59
243 16
243 54
243 52
243 13
243 41
242 59
243 53
243 50
243 59
243 1
243 59
243 43
243 2
243 21
244 61
244 46
244 58
244 63
243 54
244 40
244 62
243 60
244 58
244 50
244 35
243 19
243 28
243 41
244 43
244 14
244 30
244 11
244 36
243 56
244 32
244 44
244 60
243 3
244 38
244 60
244 10
244 64
244 26
245 57
244 51
244 57
245 35
244 62
245 58
245 55
244 60
245 48
245 57
245 60
245 50
245 53
245 54
245 60
245 55
245 57
245 52
245 40
245 3
245 34
245 63
245 31
245 56
245 58
246 12
246 4
245 61
246 58
245 27
246 62
245 51
245 2
246 61
246 63
245 46
246 25
246 48
246 55
246 49
246 61
246 35
246 56
246 49
246 58
246 60
246 48
246 5
246 54
246 58
247 36
246 5
247 37
247 2
246 53
247 24
247 53
247 4
247 46
246 56
247 61
247 54
247 38
247 52
247 51
247 12
247 60
247 39
246 58
247 61
247 51
247 58
247 64
247 55
247 20
247 32
247 43
247 63
247 60
247 58
248 53
247 9
247 62
248 38
248 55
247 43
248 59
247 57
247 1
247 49
248 54
247 61
248 42
248 14
248 29
247 59
247 60
247 57
248 48
248 59
248 15
248 62
248 61
248 19
248 58
248 32
248 37
249 51
249 57
248 53
248 1
248 43
248 29
249 53
248 14
249 39
249 36
249 30
249 62
249 64
249 61
249 40
248 58
249 61
249 47
249 63
249 11
249 59
249 32
249 60
248 39
249 47
249 55
249 61
249 55
249 61
249 53
249 62
249 38
249 31
250 34
249 55
250 10
249 39
249 59
250 32
250 63
250 64
250 61
250 64
250 28
250 1
250 62
250 53
250 1
250 33
250 60
250 37
250 56
250 60
251 43
250 54
250 58
251 9
250 19
251 63
251 62
251 30
250 63
251 59
251 11
251 61
250 53
251 61
251 36
251 37
251 64
251 34
251 55
250 62
251 17
251 40
251 52
251 54
251 63
251 36
251 41
251 38
252 27
251 19
251 62
251 64
251 33
251 52
251 61
251 20
251 40
252 62
251 34
252 53
252 59
252 62
251 9
251 10
252 63
252 61
252 52
252 8
252 17
252 19
252 31
251 57
252 44
252 1
252 56
252 49
252 61
252 58
252 63
252 48
252 45
253 65
252 43
252 63
252 45
252 61
252 17
252 50
252 43
252 54
253 56
252 50
252 64
253 22
252 50
253 41
253 43
253 55
253 54
253 12
253 62
253 62
253 36
253 58
253 1
253 57
253 43
253 43
253 44
253 63
253 29
253 44
253 45
253 58
253 64
253 54
253 58
253 2
253 51
253 54
253 61
253 24
254 63
254 56
253 54
254 41
254 57
254 59
254 65
254 59
254 30
254 55
255 30
254 53
254 54
254 50
254 63
255 65
255 58
255 28
254 44
254 58
254 57
254 40
254 64
254 59
254 52
254 49
254 11
255 59
255 7
255 41
255 59
255 63
255 46
254 62
254 56
255 49
255 48
255 62
255 25
254 64
254 60
254 61
255 2
255 50
255 19
255 65
255 57
255 61
255 50
255 32
255 61
256 64
255 33
256 5
255 47
256 62
256 60
256 41
255 63
256 51
256 63
255 60
256 63
256 47
256 14
256 61
256 33
256 21
256 63
256 44
256 60
256 37
256 42
256 57
255 65
256 59
256 47
256 34
256 62
256 56
256 63
256 2
256 60
256 56
256 64
256 62
256 37
257 57
256 61
256 65
256 58
257 40
257 51
256 52
256 63
257 53
256 25
256 56
256 3
256 59
257 26
256 49
256 63
256 20
257 61
257 62
257 65
257 35
256 37
257 64
257 48
258 6
258 15
257 54
258 51
258 59
257 46
257 49
257 33
257 43
257 42
258 65
257 46
258 48
258 60
258 61
258 27
257 63
257 61
258 41
258 65
258 22
258 52
258 59
258 12
258 32
259 60
258 60
258 58
258 44
259 34
258 63
258 62
258 60
258 64
259 59
258 50
258 66
258 39
259 62
259 58
259 32
259 46
259 51
259 31
259 63
259 55
258 42
259 61
259 52
259 41
259 64
259 35
259 26
259 65
259 32
259 62
259 28
260 49
259 50
260 44
260 63
260 66
260 56
259 58
260 48
260 27
260 59
260 27
260 59
260 65
260 38
260 33
260 18
260 45
260 16
260 28
260 59
260 61
260 33
260 44
260 1
260 24
260 42
261 48
261 61
260 58
260 66
261 32
261 64
260 5
260 49
260 20
260 51
261 26
261 50
260 43
260 64
260 64
260 16
261 62
260 45
261 54
261 50
260 28
261 25
261 49
261 52
260 50
261 12
261 66
261 64
261 56
261 64
262 25
261 62
261 49
262 52
262 53
261 65
261 11
261 16
262 50
261 64
261 57
262 65
262 56
262 49
261 67
262 62
262 66
262 61
262 64
263 60
262 63
262 55
263 58
262 15
263 58
262 37
263 52
263 61
263 53
263 54
263 47
263 43
263 29
262 18
263 66
263 20
263 64
263 63
263 60
262 50
263 52
263 60
263 65
263 52
263 62
263 44
263 18
262 41
263 40
263 59
263 56
262 62
262 56
263 60
263 55
263 59
263 56
263 63
263 64
262 60
263 55
263 46
263 27
263 48
264 33
264 8
264 39
263 52
263 66
263 50
263 67
263 61
264 65
264 57
264 60
264 38
264 31
264 44
264 65
264 54
264 57
264 65
264 49
264 66
265 64
264 60
264 67
264 60
264 53
265 51
265 54
264 66
264 57
264 65
264 16
265 46
264 62
264 2
264 58
265 13
265 56
265 51
265 59
265 56
265 66
265 56
265 43
265 65
265 31
265 68
265 47
265 54
265 63
265 62
264 56
265 65
265 60
265 57
266 66
266 9
265 47
265 62
266 67
266 17
266 62
266 17
266 63
265 61
265 41
265 2
266 4
266 65
266 38
266 68
266 41
266 63
266 65
266 60
267 52
266 47
266 63
266 51
266 62
266 19
266 58
266 58
266 61
267 59
266 63
266 31
266 66
266 50
266 66
267 67
266 37
266 60
267 18
266 68
266 66
266 58
266 62
267 61
267 47
266 56
267 63
267 62
267 42
267 49
267 51
267 10
267 26
267 51
267 60
267 50
267 7
266 59
267 44
267 62
267 66
268 46
268 67
267 26
268 64
268 54
268 45
268 58
268 48
267 46
267 67
268 68
268 63
268 64
268 65
268 66
268 50
267 37
267 46
268 33
268 64
268 5
268 65
267 67
268 58
268 66
267 25
268 63
268 59
268 62
268 55
269 63
269 21
269 40
268 24
268 54
268 68
268 39
269 45
269 69
269 64
269 35
269 67
269 64
269 31
269 66
268 67
269 64
269 28
269 48
268 47
269 58
269 47
269 64
269 67
269 62
269 61
269 6
269 55
269 37
270 58
270 50
270 68
269 63
270 59
270 41
270 26
269 64
270 59
270 21
270 59
270 48
270 41
270 69
270 66
270 61
270 7
270 34
270 54
270 14
270 17
270 66
270 68
270 5
271 36
271 60
271 53
271 60
271 11
270 69
270 64
271 50
271 34
271 60
271 63
271 67
271 65
270 34
270 11
271 55
271 26
271 30
271 45
271 51
271 36
271 63
271 64
271 66
271 18
271 62
271 44
271 52
271 62
271 16
272 2
271 62
272 59
272 52
272 66
272 52
272 65
271 59
272 40
272 5
271 67
272 25
271 7
272 60
272 39
272 64
272 50
272 57
273 65
272 45
272 3
272 39
272 65
272 51
273 26
273 46
272 6
272 33
273 24
273 67
272 48
273 66
273 5
272 40
273 54
273 61
273 65
273 67
273 62
273 38
273 57
273 68
273 53
273 52
273 69
273 36
273 20
273 50
273 55
273 39
273 69
273 42
273 36
273 67
273 55
273 44
273 48
274 56
274 57
274 12
273 36
273 58
273 67
274 20
274 16
273 55
274 34
273 56
274 67
274 24
274 64
274 60
274 69
274 52
273 54
274 56
274 45
274 64
274 59
274 65
274 19
274 38
274 11
274 9
274 15
275 46
275 59
274 58
275 34
274 66
275 62
275 52
275 68
275 37
275 23
275 68
274 15
275 56
275 59
275 32
275 66
274 44
275 34
275 38
275 41
275 59
275 19
275 67
275 61
275 47
275 17
275 65
276 62
276 32
275 40
276 65
276 63
275 66
275 70
275 52
276 62
276 20
276 34
276 8
276 53
276 62
276 66
275 55
276 47
276 59
276 68
276 65
275 61
276 52
276 57
275 29
276 54
276 60
276 45
276 4
277 13
277 63
277 33
277 66
277 65
277 64
277 62
277 46
276 61
276 54
276 61
277 63
277 10
277 58
277 62
277 20
277 68
277 35
277 2
277 35
278 53
278 67
277 64
277 63
277 65
277 57
277 12
277 46
277 6
277 24
277 12
277 60
277 51
277 42
277 64
277 53
277 27
277 23
278 34
277 52
277 26
277 25
278 69
278 23
278 57
277 62
278 71
277 39
278 66
278 59
278 61
278 39
278 65
278 63
278 57
278 54
278 67
278 56
278 62
278 48
278 50
278 42
278 32
279 52
278 68
278 56
279 41
279 58
279 66
279 68
279 25
278 41
279 68
279 64
278 70
278 17
279 66
279 29
278 60
278 63
279 62
278 35
279 69
279 38
279 55
279 64
279 68
279 53
279 55
279 55
279 51
279 44
279 70
279 11
279 54
279 56
279 67
279 61
279 36
280 29
279 2
280 51
280 3
280 65
280 57
280 32
280 20
280 56
280 22
280 67
280 35
280 40
280 60
280 44
280 50
280 55
280 69
280 59
280 67
280 51
280 11
280 64
280 61
280 67
280 64
281 69
281 42
281 61
280 59
281 57
281 23
281 58
281 66
281 70
281 68
281 34
281 63
280 43
281 64
281 21
281 60
281 60
281 66
281 3
282 67
281 4
282 18
281 62
281 28
281 65
281 63
281 9
282 49
282 33
281 69
281 20
282 66
282 54
282 48
281 50
282 38
282 26
282 58
282 18
282 52
281 62
282 52
282 54
282 66
282 62
282 15
282 45
282 9
281 29
282 69
282 59
282 2
281 14
282 64
282 68
283 26
282 2
283 59
283 67
282 68
282 46
282 69
283 66
283 62
283 70
283 31
283 65
282 66
283 67
283 61
283 21
283 65
283 53
283 4
283 55
283 67
283 47
283 65
283 72
283 56
283 57
284 70
283 23
283 60
283 25
283 66
283 69
283 59
283 67
283 40
283 20
283 64
283 70
283 42
283 66
283 53
284 65
283 5
284 67
284 69
284 44
283 36
284 61
283 59
284 64
284 68
284 61
284 60
284 59
284 64
284 42
284 12
284 60
284 67
285 37
284 65
284 35
284 69
284 33
285 69
284 10
284 50
285 69
285 63
285 69
285 57
284 65
284 37
284 65
285 26
285 69
285 56
285 65
285 61
285 36
284 45
285 22
285 32
284 64
284 49
284 67
285 46
285 37
285 66
285 68
285 63
285 69
285 67
284 60
285 57
286 52
286 23
285 41
286 61
286 63
285 61
286 67
286 60
286 59
286 63
286 62
286 48
285 15
286 12
286 47
286 68
285 37
285 55
286 48
285 18
286 10
285 68
286 19
286 64
285 33
285 67
286 61
286 39
286 17
286 68
286 71
286 69
286 62
286 57
286 53
287 34
287 61
287 46
287 69
287 58
287 25
287 66
287 3
287 66
287 7
287 66
287 49
287 65
287 69
287 63
287 68
288 60
287 71
287 24
287 22
287 67
287 49
287 61
287 66
287 65
287 47
288 68
288 63
287 68
288 44
288 24
287 16
288 54
288 64
287 54
288 66
288 39
288 57
288 45
288 68
287 72
288 67
288 54
288 63
288 49
288 65
289 17
288 9
288 34
288 53
288 28
288 67
289 65
288 61
288 58
289 68
288 70
288 56
288 70
289 29
289 67
289 65
289 30
289 49
289 60
289 68
289 21
289 45
289 5
289 25
289 58
289 38
289 71
289 67
289 68
289 16
289 64
289 48
289 63
289 58
288 22
289 53
289 60
289 4
289 65
289 22
290 69
289 53
289 66
289 67
289 1
289 68
289 71
289 52
289 30
289 37
289 36
290 55
289 65
290 3
290 20
290 62
290 63
290 47
290 68
290 15
290 45
290 66
289 70
290 62
290 69
290 51
290 47
291 66
290 55
290 67
291 11
290 56
290 1
290 59
291 66
291 7
291 55
291 50
291 49
290 43
290 28
291 62
290 8
290 67
291 70
291 70
291 71
291 30
291 56
291 60
291 69
290 72
291 3
291 55
291 69
291 44
291 68
290 58
291 38
291 70
291 71
291 62
291 13
291 69
291 60
291 61
291 70
290 54
291 69
291 68
291 34
292 52
292 71
291 60
291 48
292 59
292 65
292 57
291 44
292 21
292 4
292 34
292 68
292 60
292 15
292 48
292 66
292 3
292 65
292 58
291 54
292 66
292 65
292 59
292 65
292 45
292 65
292 67
292 69
292 62
292 64
292 66
292 70
292 55
292 70
292 69
293 72
292 26
293 31
292 1
293 13
293 39
293 36
292 1
292 44
293 55
293 48
293 59
293 51
293 18
293 58
293 48
293 60
292 14
293 31
293 64
294 69
294 22
294 6
293 65
293 68
294 23
293 50
293 37
293 66
294 60
293 70
293 62
294 6
294 70
294 37
294 69
294 67
294 71
294 70
293 69
294 65
294 29
294 54
294 8
294 69
294 70
294 68
294 63
294 61
294 53
294 12
295 9
294 65
294 44
294 71
295 41
294 64
294 61
295 69
294 22
295 69
294 68
294 59
293 62
294 48
294 71
294 54
295 63
295 42
294 4
295 73
295 30
295 41
295 71
295 26
295 71
295 53
295 60
295 21
294 72
295 70
294 17
295 71
294 70
295 57
295 70
295 50
295 51
295 61
295 3
296 47
296 72
296 36
296 67
295 72
296 7
296 59
296 18
295 9
296 63
296 66
295 64
296 26
296 55
296 51
295 5
296 66
296 57
296 72
296 3
296 33
296 72
296 9
297 15
296 66
297 47
297 45
296 63
296 67
296 61
296 68
297 71
297 65
297 72
296 42
297 64
296 63
296 55
297 53
297 42
296 68
296 20
296 69
297 56
297 65
296 67
297 71
297 63
296 59
297 69
297 67
297 63
297 61
296 16
297 41
297 69
297 70
297 73
297 1
297 69
297 70
297 38
297 71
298 74
297 34
298 32
298 16
297 13
297 70
298 58
297 60
297 41
297 73
298 60
298 37
298 69
297 47
297 69
297 10
297 73
298 4
298 70
298 12
298 65
298 19
298 67
298 64
298 23
298 32
298 1
298 70
298 58
298 53
298 40
298 63
298 52
299 61
298 70
298 59
299 68
299 59
299 51
298 68
298 47
299 72
298 64
299 71
298 3
299 24
299 64
299 24
299 24
298 75
299 61
299 59
298 69
299 71
298 72
298 65
299 56
299 26
299 64
299 73
299 71
299 72
299 65
299 53
300 64
299 73
300 20
300 21
299 54
300 71
300 64
300 72
300 11
300 64
299 53
300 70
299 10
300 66
300 55
300 2
300 65
300 70
300 14
300 55
300 73
300 40
300 3
301 72
300 44
300 54
301 11
300 31
300 43
300 72
301 25
300 54
301 63
301 55
300 66
300 60
300 50
300 64
301 71
301 60
301 72
300 63
301 67
301 57
301 28
301 58
301 35
301 64
301 65
301 43
301 47
301 66
301 71
302 56
302 50
301 36
301 70
301 56
301 54
301 24
302 67
302 69
302 65
301 69
302 42
302 64
301 6
301 65
302 71
301 53
301 72
302 31
301 46
302 68
302 28
301 43
301 69
302 65
302 70
302 73
302 61
302 43
302 62
303 60
303 30
303 52
302 57
303 17
302 54
302 72
303 70
303 71
302 57
303 74
302 67
303 18
303 73
303 49
303 50
302 70
303 37
303 62
303 65
304 57
303 59
303 63
303 70
303 71
303 18
303 59
304 7
304 1
304 66
303 55
304 10
304 73
304 13
304 71
304 68
304 31
304 71
304 64
304 68
304 74
303 54
304 71
304 22
304 74
303 39
303 55
303 68
304 47
303 68
304 67
303 66
304 67
303 63
303 65
304 3
304 69
304 53
304 64
303 68
304 59
304 71
304 73
304 70
305 4
305 32
304 1
305 40
304 32
304 43
305 36
304 74
304 72
304 51
304 37
304 65
304 23
304 58
305 38
305 68
305 51
305 62
305 66
305 73
305 57
305 64
305 66
305 53
305 67
305 69
305 61
305 43
305 69
304 62
305 73
305 38
305 68
305 62
306 47
306 26
306 15
305 70
305 74
306 71
306 66
306 62
305 53
306 24
306 44
306 73
306 71
306 42
306 20
306 67
306 33
306 69
306 6
306 55
306 68
306 66
306 50
306 75
306 69
306 67
307 73
307 68
307 46
307 72
306 59
306 73
307 72
307 74
307 38
307 68
306 57
307 15
307 73
307 72
307 63
307 61
307 62
307 73
307 59
307 38
307 67
306 74
307 33
307 12
307 8
306 50
307 63
307 20
308 33
307 73
307 22
307 5
307 8
308 72
307 71
307 40
308 70
308 74
307 49
308 73
308 46
308 66
308 1
308 65
308 75
308 56
308 70
308 68
308 70
308 31
308 44
308 45
308 67
308 70
308 15
308 71
308 53
308 71
308 62
308 74
308 69
308 29
308 74
308 69
308 74
309 64
308 60
308 72
308 65
309 72
309 69
309 70
308 16
309 11
309 69
309 45
309 11
309 66
308 40
309 43
309 71
309 21
309 43
309 67
310 46
310 29
310 75
309 76
309 8
310 42
310 49
310 45
309 70
310 34
310 71
309 66
310 18
309 58
309 40
309 59
310 4
310 71
310 64
309 73
310 74
310 36
309 70
310 68
309 5
309 54
309 61
310 72
310 35
310 46
310 25
310 66
309 51
310 74
310 8
310 40
310 61
310 1
310 45
310 67
310 72
310 68
310 27
309 73
310 42
310 36
310 67
310 56
310 72
310 60
310 48
310 68
310 59
311 56
311 51
310 25
311 73
310 33
311 74
311 22
311 59
311 74
310 74
311 52
310 69
311 71
311 69
311 46
311 1
311 73
312 23
311 72
312 68
311 48
311 57
311 31
311 27
312 59
311 69
311 74
311 70
311 65
311 54
311 72
311 67
311 60
311 73
311 19
312 16
312 74
312 60
311 50
312 35
312 52
312 66
312 31
312 18
312 68
312 66
312 74
312 9
312 69
312 72
312 24
311 57
312 75
313 76
312 75
313 19
313 55
312 16
312 69
313 72
312 76
313 75
313 13
313 68
313 60
313 71
313 73
313 64
313 42
313 57
313 38
313 66
313 12
312 71
313 73
313 13
313 72
313 75
313 35
313 12
312 15
313 63
312 24
312 47
313 72
313 67
313 27
313 49
313 62
313 43
313 62
313 61
313 48
313 54
313 61
314 45
313 72
314 16
314 47
314 46
314 76
314 75
314 74
314 73
314 32
314 70
314 75
314 71
314 73
314 58
314 75
314 73
314 52
315 67
315 58
314 68
314 18
314 50
314 24
314 66
314 70
314 68
314 39
314 15
315 60
314 24
314 57
314 69
315 55
314 62
314 74
315 11
315 56
314 73
315 72
315 61
314 55
315 75
315 8
315 68
315 63
315 68
315 74
315 9
315 55
315 73
315 20
315 61
315 64
315 72
315 64
315 68
315 65
315 2
315 54
315 55
315 75
315 67
316 76
315 56
316 75
316 31
316 73
316 64
316 72
316 68
316 16
316 28
315 33
316 53
316 68
315 56
315 61
316 73
316 74
316 66
316 70
315 29
316 66
315 57
316 29
316 61
316 62
316 2
316 75
317 66
316 31
316 49
316 75
316 72
316 58
316 75
316 71
317 76
317 67
316 28
317 67
316 76
317 9
316 3
317 61
317 56
317 28
316 45
316 71
316 50
316 72
317 26
316 42
317 16
317 25
317 64
317 70
317 75
317 76
317 62
317 74
317 37
317 6
317 52
317 71
316 68
317 76
317 59
317 70
317 77
317 40
317 33
317 54
317 72
317 78
318 55
317 73
318 11
318 77
317 68
317 72
318 67
318 42
318 72
317 74
318 68
318 43
318 70
318 57
318 75
318 7
318 51
318 68
318 49
318 75
318 32
318 72
318 30
319 67
319 42
318 70
318 62
319 75
318 67
318 73
318 78
318 69
319 35
319 25
319 51
318 76
318 77
318 70
319 76
319 62
319 74
319 47
319 29
319 73
319 58
319 71
319 45
319 72
318 74
319 1
319 61
319 75
319 44
319 65
319 50
319 64
319 46
319 63
319 34
319 72
320 75
319 38
320 7
319 40
319 60
319 25
320 74
320 73
320 71
319 74
319 66
320 73
320 1
320 61
320 51
320 7
320 71
320 72
320 18
320 35
320 73
320 72
319 25
320 67
319 33
320 65
319 74
320 15
320 68
320 43
320 31
320 73
320 75
320 76
320 75
320 53
321 68
320 73
320 58
320 26
319 39
320 32
320 47
320 72
320 32
320 48
320 62
320 45
320 74
320 71
321 66
321 42
320 71
321 22
321 61
321 72
321 64
321 78
321 66
321 31
321 76
321 77
320 13
320 66
321 6
321 77
321 75
321 28
321 72
321 36
321 63
321 44
321 72
321 65
321 10
321 11
322 47
321 73
321 70
321 38
321 32
322 72
321 74
322 75
321 50
321 70
322 77
322 50
321 44
322 69
322 18
322 68
321 71
321 31
322 74
322 61
322 9
322 33
322 70
321 65
322 72
322 71
322 70
322 33
322 58
322 77
323 42
322 32
323 20
323 9
323 67
323 51
322 74
323 70
322 39
323 18
323 1
323 74
323 63
322 65
322 30
322 66
323 73
323 75
323 19
323 58
323 47
323 61
323 50
323 67
323 72
324 76
323 45
324 74
323 68
323 62
323 56
323 53
323 11
324 71
323 63
324 48
324 13
323 31
324 51
324 74
323 70
323 49
323 75
324 27
323 67
323 30
324 60
323 54
324 69
323 76
324 66
324 48
324 51
324 34
323 58
323 76
323 75
324 77
324 58
324 74
324 52
324 51
324 63
324 61
324 72
324 73
325 72
324 4
324 64
324 74
325 76
325 73
325 6
325 57
324 53
324 57
324 53
324 72
325 59
324 65
325 62
325 68
324 75
325 54
324 78
324 67
324 77
325 79
325 71
325 38
325 73
324 26
325 28
325 70
325 25
325 40
325 77
325 72
325 65
325 76
325 76
325 69
325 72
325 76
325 7
325 49
325 76
325 39
326 71
326 59
325 72
326 46
326 78
325 75
326 76
325 60
326 64
326 71
326 76
326 72
326 74
326 73
326 60
326 62
326 72
326 73
326 51
326 68
326 50
327 53
326 64
326 77
326 57
327 77
326 22
327 76
327 74
327 29
327 78
327 73
327 70
326 58
326 23
326 60
326 75
326 68
327 67
327 69
326 74
327 78
327 44
327 75
327 34
326 77
327 61
326 14
327 58
326 74
326 76
327 78
327 64
327 73
326 39
327 72
327 55
327 50
327 75
327 69
327 71
327 62
327 55
327 38
327 69
327 28
327 78
327 62
327 50
327 69
326 76
327 75
327 74
327 63
327 77
328 32
327 16
328 68
328 72
328 21
327 29
328 75
328 68
328 69
328 76
328 77
328 3
328 68
328 71
328 24
328 65
329 62
328 66
328 67
328 18
328 76
328 33
329 58
328 73
328 69
329 5
328 44
329 66
328 33
328 70
329 58
329 65
329 48
329 76
329 74
329 79
329 29
329 80
328 37
329 72
329 38
329 77
329 79
329 71
329 63
329 73
330 20
329 73
329 68
329 64
329 62
330 66
329 78
329 74
329 57
329 74
330 28
329 67
329 75
330 17
330 54
329 5
330 77
330 56
330 17
330 55
330 32
330 76
330 72
330 53
330 77
330 31
330 69
331 75
330 57
330 13
330 78
330 74
330 9
330 79
330 67
331 68
331 25
330 63
330 62
330 67
330 17
330 22
329 25
330 54
331 77
331 59
331 48
330 47
331 62
330 27
331 65
330 77
330 65
330 71
330 48
330 16
331 78
331 70
331 80
331 78
330 79
330 20
331 45
331 76
331 66
331 70
331 77
331 70
331 30
331 55
331 76
331 78
331 19
331 70
331 37
331 14
331 14
331 71
330 62
331 61
331 72
331 57
332 77
332 49
332 42
332 78
332 58
331 77
331 67
331 68
331 78
331 68
331 37
332 75
332 76
332 67
332 61
332 76
333 44
332 73
332 77
332 57
332 42
332 77
332 79
333 70
332 75
332 73
332 78
332 60
332 70
332 78
332 77
332 75
332 73
332 79
332 69
332 52
333 78
333 76
333 3
332 51
333 74
332 28
332 39
333 76
333 66
333 77
333 79
333 36
333 73
333 80
333 73
333 67
333 76
333 74
332 77
333 76
333 9
334 35
333 75
333 78
333 23
333 65
333 51
333 49
333 75
334 78
334 38
333 74
333 77
333 44
333 77
333 78
333 80
333 51
333 70
334 76
333 77
333 4
333 75
333 79
333 54
333 79
334 71
334 72
334 76
334 43
334 78
334 69
334 74
334 78
333 23
333 28
334 45
334 69
334 63
334 20
334 45
334 60
334 79
334 78
334 77
334 69
334 33
334 73
334 60
334 9
335 80
335 30
335 71
335 12
335 71
335 53
335 79
334 69
335 39
335 74
335 62
335 78
335 75
335 57
335 81
335 77
335 79
335 78
335 80
335 43
335 2
335 77
336 69
335 12
335 75
335 73
335 77
336 74
335 76
336 13
336 48
336 62
335 75
336 58
336 78
335 55
336 71
336 64
336 76
336 61
336 26
335 74
335 29
336 78
336 75
336 79
336 55
336 58
336 74
336 78
336 76
336 67
336 76
337 64
337 79
337 80
336 65
336 17
336 78
336 67
336 28
336 39
336 81
337 14
337 74
337 56
337 45
337 77
336 71
337 78
336 73
336 1
337 79
337 76
337 3
336 65
336 78
337 41
337 71
336 59
336 76
336 62
336 49
336 56
336 29
337 43
337 1
337 63
337 79
336 73
337 29
338 79
338 64
338 58
338 49
337 61
338 74
337 74
337 33
337 60
337 41
337 60
337 39
337 74
338 78
337 6
338 70
338 76
338 36
337 33
338 27
338 79
338 81
338 68
338 66
338 25
338 65
337 14
338 72
338 80
338 2
339 71
338 60
339 31
338 23
338 76
339 35
338 75
338 73
339 80
338 69
339 27
339 77
338 47
338 73
338 65
339 20
339 73
338 79
339 49
338 52
339 57
339 79
339 72
339 54
339 70
339 69
339 75
339 74
339 27
339 4
339 52
339 69
339 71
339 7
339 63
340 77
340 76
339 75
339 48
339 12
339 57
339 41
340 51
340 76
339 78
339 72
339 77
339 81
339 74
339 81
339 73
339 31
339 73
339 68
339 10
339 40
340 61
339 37
340 39
340 68
339 77
340 72
340 76
340 42
340 40
340 77
340 76
340 73
340 51
340 70
340 79
340 31
340 80
340 52
340 80
340 74
340 79
340 74
340 75
341 81
341 79
340 78
340 75
340 77
340 10
340 60
340 66
341 65
340 68
340 68
340 61
340 48
341 73
341 81
341 80
340 81
341 65
340 68
341 75
341 65
341 63
341 74
341 79
341 73
340 20
341 81
341 75
340 56
340 79
340 6
341 78
341 74
341 78
341 51
342 13
342 80
342 70
342 7
341 71
342 63
342 51
342 80
342 77
342 40
341 21
341 75
341 79
341 75
341 76
341 30
341 56
341 71
342 24
342 80
342 79
342 80
342 78
341 69
342 62
342 16
341 78
342 81
342 50
342 63
342 76
342 54
342 80
342 57
342 77
342 56
342 76
342 70
342 11
342 80
342 23
342 65
342 71
342 50
342 58
343 64
343 63
342 40
342 78
343 58
343 31
342 42
342 80
342 45
342 82
342 83
342 70
342 58
343 68
342 80
343 81
343 80
343 77
343 74
343 44
343 63
343 75
343 71
343 16
343 67
343 48
343 76
343 71
343 58
343 30
343 38
343 55
343 75
343 77
343 80
343 81
343 78
343 9
343 63
343 65
343 78
343 80
342 78
343 77
343 38
343 47
343 53
343 15
343 78
343 71
343 79
343 74
343 79
343 71
343 74
343 79
343 80
343 70
343 65
343 79
342 81
343 68
344 39
344 48
344 46
344 82
343 68
344 64
344 74
343 5
344 65
344 77
343 79
344 27
344 77
344 80
344 82
345 80
345 79
345 77
345 20
345 69
345 83
344 2
344 80
345 19
344 46
344 82
344 76
344 19
344 58
344 82
344 75
345 70
345 81
345 65
344 76
345 64
345 67
344 58
344 22
345 19
345 24
345 6
345 77
345 14
345 62
345 79
344 81
344 67
345 81
345 62
345 29
345 43
344 76
345 70
345 67
345 39
345 63
345 78
345 19
345 36
345 76
345 79
345 26
345 63
346 73
346 77
345 81
346 78
346 4
346 80
345 78
345 76
345 81
345 76
346 80
346 81
346 75
346 73
346 77
346 37
346 71
346 23
346 65
346 75
345 56
346 52
346 54
346 27
346 3
346 38
346 82
346 69
346 61
346 17
346 42
346 74
346 75
346 65
346 46
346 59
346 70
346 73
347 80
347 57
346 74
346 80
346 51
346 70
346 74
346 29
346 1
346 55
347 44
347 82
347 53
347 61
346 8
346 1
347 76
347 79
347 82
347 8
347 81
347 16
347 73
347 60
347 70
347 80
346 72
346 75
347 38
347 78
347 13
347 56
347 20
347 77
347 75
347 72
348 69
347 65
347 75
347 81
348 6
347 80
347 75
347 38
347 79
348 77
347 78
347 82
348 73
347 70
348 74
348 60
348 30
347 45
347 78
347 21
348 82
348 81
348 74
347 76
348 63
348 38
348 78
348 14
348 17
348 47
348 81
347 69
348 42
348 80
348 33
348 71
348 43
348 73
348 83
348 41
347 67
348 44
348 80
348 32
348 75
348 82
348 76
348 72
347 29
347 59
348 55
348 75
348 58
348 28
349 78
348 70
349 83
349 29
349 42
348 57
348 67
348 78
348 64
348 26
348 58
348 80
348 79
348 77
348 81
348 79
347 24
348 68
348 82
348 78
349 17
349 79
347 81
348 64
349 65
349 82
349 56
349 46
349 54
348 38
349 67
349 70
349 79
349 82
349 80
349 64
348 76
349 53
349 70
349 27
349 74
349 43
349 73
349 41
349 7
349 82
349 78
349 57
349 76
349 67
349 65
349 81
349 56
349 73
349 9
349 39
349 20
349 32
349 79
348 47
349 44
349 28
349 81
348 62
349 29
349 79
349 78
349 76
349 83
349 59
349 78
350 51
350 73
350 57
350 81
350 3
350 81
350 76
350 9
350 79
349 60
350 80
350 46
350 79
350 8
350 64
350 26
350 81
350 77
350 38
349 41
349 76
350 69
350 74
350 76
350 81
350 78
350 53
350 80
350 69
349 70
349 62
350 81
350 55
350 58
350 71
350 43
350 25
350 75
350 62
350 70
350 66
350 63
350 79
350 60
350 80
350 11
350 84
350 27
350 33
350 2
350 77
350 82
350 2
350 70
350 39
350 63
350 74
350 79
349 51
350 79
350 8
350 20
350 84
350 14
350 57
350 67
350 72
350 80
351 60
351 82
350 74
350 21
350 66
351 34
350 82
350 79
351 80
351 77
350 71
350 10
350 72
350 64
350 19
351 78
350 56
351 80
351 63
351 4
351 83
350 62
349 18
350 50
350 69
350 29
351 82
351 76
351 67
351 21
350 29
351 6
350 15
351 68
351 42
351 80
351 82
351 65
351 58
351 82
351 59
351 83
351 77
351 81
351 5
351 73
351 46
351 81
351 62
351 55
351 77
351 56
350 64
351 72
351 50
351 79
351 76
351 78
351 13
351 68
351 19
351 44
351 73
351 31
351 31
351 47
351 71
352 66
352 38
351 83
351 51
351 21
351 32
351 83
351 79
351 22
351 83
351 50
352 62
352 79
352 78
351 73
352 10
352 71
352 26
352 70
352 53
351 7
351 75
351 9
351 81
352 73
352 27
352 80
352 36
352 63
352 27
352 51
351 69
352 84
351 64
351 79
352 82
352 40
352 76
352 73
352 72
352 65
352 80
351 74
351 84
352 78
351 70
351 50
352 83
352 77
352 20
352 82
352 24
352 72
352 74
352 72
352 35
352 38
352 81
352 46
352 83
352 82
352 71
352 60
352 68
351 54
352 21
351 74
352 47
352 24
352 44
352 80
352 36
352 60
352 53
352 40
352 74
352 79
352 8
352 41
352 4
352 7
352 39
352 9
352 76
352 73
352 71
352 81
352 82
352 24
352 84
352 77
352 78
352 81
352 61
353 3
352 81
352 64
352 67
352 16
352 83
352 66
352 70
352 65
352 40
352 78
352 83
352 71
352 85
353 35
352 80
353 63
352 79
352 83
352 83
352 42
352 84
352 76
352 84
352 27
352 48
352 67
352 80
352 82
353 31
352 49
352 32
353 83
353 66
353 73
353 21
353 59
352 81
352 79
352 70
353 8
353 82
352 79
353 12
353 78
352 37
353 83
353 85
352 78
353 66
353 34
352 19
352 67
352 82
352 66
352 78
352 63
352 17
352 73
352 69
352 52
352 71
352 29
352 7
352 23
352 31
353 41
352 76
353 56
353 81
353 82
352 20
352 66
352 64
352 84
352 83
353 77
352 83
353 79
352 82
352 72
352 83
353 85
353 86
353 81
352 49
351 74
352 73
352 42
352 22
352 79
352 82
352 66
352 79
352 40
352 55
352 75
352 63
352 79
352 82
352 78
353 82
352 61
352 60
353 79
353 75
353 5
353 19
353 6
352 78
353 10
353 70
353 22
352 83
352 59
353 42
353 79
353 30
352 76
352 71
352 82
353 83
352 75
353 57
352 67
353 77
352 33
351 82
352 83
352 49
352 45
352 72
352 76
352 61
352 2
351 60
352 82
352 84
352 46
351 80
352 5
352 20
351 84
352 28
352 64
352 82
352 75
352 15
352 57
352 80
352 73
352 34
352 75
352 82
351 85
352 83
351 72
352 67
352 64
352 55
352 83
351 83
351 48
351 69
352 63
351 37
352 83
351 42
351 80
351 8
352 55
351 75
351 28
352 81
351 78
351 22
351 29
351 79
351 24
351 35
352 72
352 55
351 84
351 82
351 60
351 83
350 79
351 38
351 51
351 46
351 83
351 3
351 75
351 78
351 77
351 48
351 16
351 84
350 31
351 72
351 52
351 21
351 12
351 56
351 83
350 65
351 17
351 36
351 57
351 38
351 18
351 72
351 61
350 40
350 10
351 80
351 60
350 65
350 36
350 38
350 79
350 41
350 21
350 83
350 55
349 53
350 50
349 80
350 7
350 79
350 70
350 65
350 81
350 62
350 13
350 79
350 80
350 36
350 72
349 50
349 61
349 85
349 79
349 84
349 3
349 75
349 13
349 77
348 83
349 14
349 86
349 76
348 62
348 31
348 79
348 79
348 81
348 82
348 56
347 62
348 84
348 1
347 60
348 6
347 45
347 76
347 83
347 84
347 8
347 80
346 81
345 81
345 80
345 78
344 75
344 34
344 46
344 19
342 71
342 86
342 5
341 75
340 65
339 13
337 84
334 82
330 33
323 10
